14
0 1 114.978259
0 2 134.059688
0 3 91.181138
0 4 121.165177
0 5 128.502918
0 6 97.128780
0 7 178.011236
0 8 120.503112
0 9 134.402381
0 10 148.124947
0 11 127.781063
0 12 132.849539
0 13 206.371025
1 2 37.202150
1 3 156.543924
1 4 72.449983
1 5 194.989743
1 6 128.413395
1 7 190.000000
1 8 172.699160
1 9 54.147945
1 10 182.123584
1 11 15.620499
1 12 45.617979
1 13 144.086779
2 3 189.235303
2 4 109.274883
2 5 228.615398
2 6 163.835283
2 7 227.200352
2 8 207.511445
2 9 87.931792
2 10 218.588655
2 11 43.680659
2 12 11.180340
2 13 174.828487
3 4 113.159180
3 5 40.360872
3 6 39.849718
3 7 98.030607
3 8 30.149627
3 9 141.088625
3 10 61.522354
3 11 161.969133
3 12 192.937814
3 13 172.409396
4 5 144.533733
4 6 75.239617
4 7 119.553335
4 8 118.456743
4 9 30.083218
4 10 118.532696
4 11 67.623960
4 12 118.067777
4 13 87.235314
5 6 69.634761
5 7 89.872131
5 8 27.166155
5 9 173.968388
5 10 50.990195
5 11 199.251098
5 12 232.710120
5 13 189.113722
6 7 81.301906
6 8 44.777226
6 9 104.393486
6 10 57.454330
6 11 131.034347
6 12 169.331037
6 13 133.689940
7 8 71.589105
7 9 147.322775
7 10 39.408121
7 11 187.018716
7 12 234.957443
7 13 119.268604
8 9 148.192442
8 10 32.893768
8 11 175.764046
8 12 212.424104
8 13 162.585362
9 10 148.475587
9 11 44.271887
9 12 97.984693
9 13 90.448881
10 11 182.408881
10 12 224.877745
10 13 144.013888
11 12 53.935146
11 13 132.094663
12 13 185.607112
