15
0 1 45.486262
0 2 43.829214
0 3 131.244047
0 4 64.195015
0 5 29.120440
0 6 30.610456
0 7 64.938432
0 8 61.073726
0 9 55.731499
0 10 107.168092
0 11 76.216796
0 12 169.711520
0 13 60.016664
0 14 140.730238
1 2 86.371292
1 3 88.509886
1 4 98.843310
1 5 73.790243
1 6 75.166482
1 7 108.166538
1 8 102.883429
1 9 41.725292
1 10 93.059121
1 11 34.000000
1 12 125.399362
1 13 59.640590
1 14 118.600169
2 3 174.201033
2 4 29.154759
2 5 32.015621
2 6 15.033296
2 7 52.153619
2 8 54.561891
2 9 98.371744
2 10 146.669697
2 11 112.071406
2 12 211.766381
2 13 98.412398
2 14 153.160047
3 4 187.072179
3 5 156.310588
3 6 161.839427
3 7 185.800969
3 8 178.675684
3 9 88.323270
3 10 91.268834
3 11 76.118329
3 12 40.706265
3 13 104.388697
3 14 153.687996
4 5 60.539243
4 6 42.379240
4 7 79.309520
4 8 82.807005
4 9 119.820699
4 10 171.002924
4 11 117.686023
4 12 222.182358
4 13 123.146255
4 14 139.168962
5 6 18.357560
5 7 36.124784
5 8 33.376639
5 9 73.061618
5 10 117.085439
5 11 105.304321
5 12 195.780489
5 13 69.123079
5 14 165.423698
6 7 46.840154
6 8 46.957428
6 9 83.815273
6 10 131.643458
6 11 103.353761
6 12 200.122463
6 13 83.384651
6 14 153.583853
7 8 8.544004
7 9 98.412398
7 10 131.483839
7 11 140.684043
7 12 226.108381
7 13 87.800911
7 14 200.084982
8 9 90.906545
8 10 122.983739
8 11 135.915415
8 12 219.107280
8 13 79.649231
8 14 198.708329
9 10 54.120237
9 11 69.778220
9 12 128.996124
9 13 20.396078
9 14 159.928109
10 11 113.172435
10 12 127.565669
10 13 48.259714
10 14 206.712361
11 12 106.004717
11 13 89.693924
11 14 93.605555
12 13 144.996552
12 14 165.435788
13 14 178.216161
