13
0 1 35.057096
0 2 194.247265
0 3 153.101274
0 4 72.401657
0 5 74.431176
0 6 43.737855
0 7 91.443972
0 8 175.182762
0 9 98.000000
0 10 110.751975
0 11 114.725760
0 12 88.408144
1 2 189.169236
1 3 138.928039
1 4 48.548944
1 5 49.406477
1 6 10.000000
1 7 57.245087
1 8 182.148291
1 9 105.948101
1 10 94.154129
1 11 82.079230
1 12 114.477072
2 3 64.404969
2 4 147.085009
2 5 148.216059
2 6 194.435079
2 7 209.613931
2 8 64.938432
2 9 104.307238
2 10 102.107786
2 11 166.355042
2 12 159.862441
3 4 91.923882
3 5 92.195445
3 6 142.045767
3 7 149.083869
3 8 103.310212
3 9 89.196412
3 10 44.922155
3 11 102.615788
3 12 149.693019
4 5 3.162278
4 6 50.328918
4 7 66.211781
4 8 152.502459
4 9 84.864598
4 10 47.074409
4 11 50.990195
4 12 119.104996
5 6 50.566788
5 7 64.078077
5 8 154.767568
5 9 87.726849
5 10 47.518417
5 11 47.853944
5 12 122.262014
6 7 47.801674
6 8 189.973682
6 9 114.389685
6 10 97.123633
6 11 77.414469
6 12 124.470880
7 8 218.689277
7 9 148.600135
7 10 107.517440
7 11 54.626001
7 12 169.499263
8 9 77.414469
8 10 119.753914
8 11 188.353391
8 12 114.634201
9 10 72.180330
9 11 130.698125
9 12 60.827625
10 11 68.818602
10 12 125.896783
11 12 170.017646
