10
0 1 148.627050
0 2 17.000000
0 3 68.447060
0 4 90.027773
0 5 73.006849
0 6 115.524889
0 7 101.414989
0 8 108.406642
0 9 13.601471
1 2 161.384634
1 3 170.660482
1 4 73.979727
1 5 204.685124
1 6 222.144097
1 7 144.917218
1 8 111.400180
1 9 162.225152
2 3 56.462377
2 4 106.075445
2 5 56.080300
2 6 100.044990
2 7 96.540147
2 8 109.201648
2 9 12.083046
3 4 137.083916
3 5 43.000000
3 6 54.120237
3 7 52.952809
3 8 81.049368
3 9 68.541958
4 5 159.012578
4 6 191.094218
4 7 136.014705
4 8 115.952577
4 9 102.615788
5 6 51.264022
5 7 95.524866
5 8 123.685084
5 9 65.000000
6 7 85.866175
6 8 121.433109
6 9 111.018017
7 8 36.235342
7 9 107.563934
8 9 118.105885
