100
0 1 84.899941
0 2 126.194295
0 3 28.600699
0 4 9.219544
0 5 78.006410
0 6 62.177166
0 7 24.698178
0 8 115.277925
0 9 44.011362
0 10 59.236813
0 11 108.811764
0 12 67.119297
0 13 90.049986
0 14 112.449989
0 15 53.225934
0 16 15.524175
0 17 75.802375
0 18 75.690158
0 19 121.264174
0 20 24.413111
0 21 62.241465
0 22 70.837843
0 23 72.000000
0 24 110.788086
0 25 128.724512
0 26 97.164808
0 27 63.071388
0 28 58.008620
0 29 105.588825
0 30 53.009433
0 31 104.785495
0 32 134.350288
0 33 57.723479
0 34 135.830777
0 35 44.181444
0 36 48.332184
0 37 140.121376
0 38 82.097503
0 39 36.359318
0 40 96.628153
0 41 49.000000
0 42 67.468511
0 43 124.016128
0 44 132.740348
0 45 52.478567
0 46 85.041167
0 47 101.965681
0 48 117.153745
0 49 62.096699
0 50 129.034879
0 51 107.517440
0 52 103.464970
0 53 89.643739
0 54 67.882251
0 55 84.403791
0 56 110.367568
0 57 66.753277
0 58 82.975900
0 59 98.994949
0 60 136.235091
0 61 97.800818
0 62 81.154174
0 63 50.477718
0 64 76.537572
0 65 78.517514
0 66 86.492774
0 67 32.893768
0 68 50.039984
0 69 106.831643
0 70 67.178866
0 71 89.089842
0 72 38.275318
0 73 23.345235
0 74 94.413982
0 75 63.702433
0 76 65.122961
0 77 146.386475
0 78 123.907223
0 79 64.660653
0 80 101.138519
0 81 97.020616
0 82 88.090862
0 83 19.209373
0 84 65.000000
0 85 18.027756
0 86 29.698485
0 87 114.634201
0 88 91.394748
0 89 27.166155
0 90 109.553640
0 91 57.140179
0 92 73.437048
0 93 40.024992
0 94 40.199502
0 95 71.449283
0 96 57.070132
0 97 52.392748
0 98 138.773196
0 99 75.432089
1 2 135.029626
1 3 86.406018
1 4 94.111636
1 5 104.004808
1 6 29.832868
1 7 81.987804
1 8 142.144293
1 9 119.887447
1 10 84.053554
1 11 187.296556
1 12 58.694122
1 13 67.119297
1 14 197.284059
1 15 37.696154
1 16 78.771822
1 17 70.213959
1 18 155.913438
1 19 128.705089
1 20 60.827625
1 21 105.801701
1 22 155.724115
1 23 63.560994
1 24 193.829822
1 25 44.204072
1 26 163.746756
1 27 137.353558
1 28 132.849539
1 29 37.000000
1 30 105.650367
1 31 91.235958
1 32 156.518370
1 33 48.041649
1 34 220.621848
1 35 64.560050
1 36 112.605506
1 37 55.226805
1 38 65.145990
1 39 83.006024
1 40 170.425937
1 41 59.439044
1 42 72.111026
1 43 208.700743
1 44 215.601484
1 45 89.944427
1 46 126.015872
1 47 107.967588
1 48 201.675482
1 49 142.688472
1 50 213.490047
1 51 23.323808
1 52 116.709040
1 53 8.246211
1 54 110.453610
1 55 80.523289
1 56 168.715737
1 57 136.704060
1 58 4.123106
1 59 128.249756
1 60 51.613952
1 61 136.033084
1 62 150.233152
1 63 108.240473
1 64 139.463257
1 65 68.883960
1 66 162.889533
1 67 77.833155
1 68 123.547562
1 69 191.313878
1 70 17.804494
1 71 72.917762
1 72 53.712196
1 73 67.742158
1 74 105.118980
1 75 148.492424
1 76 58.420887
1 77 231.224999
1 78 170.238069
1 79 110.022725
1 80 17.000000
1 81 169.944108
1 82 172.626765
1 83 88.481637
1 84 21.470911
1 85 72.945185
1 86 89.005618
1 87 136.795468
1 88 148.932871
1 89 72.013888
1 90 83.486526
1 91 93.536089
1 92 66.910388
1 93 110.535062
1 94 58.309519
1 95 146.768525
1 96 69.260378
1 97 70.859015
1 98 53.907328
1 99 117.957620
2 3 153.404694
2 4 128.996124
2 5 48.373546
2 6 110.909873
2 7 101.513546
2 8 28.178006
2 9 109.142109
2 10 178.196521
2 11 141.155942
2 12 170.205758
2 13 189.747200
2 14 183.330303
2 15 109.077954
2 16 138.224455
2 17 66.189123
2 18 184.889156
2 19 6.324555
2 20 119.503138
2 21 187.427319
2 22 159.665275
2 23 176.604077
2 24 163.917662
2 25 163.783394
2 26 218.233820
2 27 108.226614
2 28 177.792013
2 29 172.029067
2 30 78.771822
2 31 46.097722
2 32 26.925824
2 33 155.425223
2 34 200.112468
2 35 89.872131
2 36 174.071824
2 37 165.012121
2 38 69.892775
2 39 89.872131
2 40 118.878089
2 41 89.643739
2 42 68.242216
2 43 203.088651
2 44 178.507703
2 45 175.068558
2 46 210.800854
2 47 27.784888
2 48 181.107703
2 49 173.611636
2 50 210.059515
2 51 151.211772
2 52 22.803509
2 53 130.770792
2 54 193.217494
2 55 55.036352
2 56 234.341631
2 57 188.788241
2 58 130.919823
2 59 35.000000
2 60 158.003165
2 61 46.690470
2 62 100.603181
2 63 176.672012
2 64 200.830775
2 65 66.708320
2 66 121.926207
2 67 153.808322
2 68 104.923782
2 69 192.166594
2 70 130.146072
2 71 192.774480
2 72 140.356688
2 73 137.295302
2 74 33.301652
2 75 149.776500
2 76 168.600119
2 77 209.938086
2 78 66.843100
2 79 67.052218
2 80 147.220922
2 81 213.138453
2 82 161.012422
2 83 108.046286
2 84 121.202310
2 85 136.235091
2 86 97.247108
2 87 237.857100
2 88 78.854296
2 89 145.165423
2 90 59.135438
2 91 180.055547
2 92 69.771054
2 93 100.881118
2 94 98.493655
2 95 113.004425
2 96 76.694198
2 97 79.246451
2 98 163.012269
2 99 59.033889
3 4 30.675723
3 5 105.645634
3 6 72.249567
3 7 52.345009
3 8 143.683680
3 9 68.883960
3 10 32.388269
3 11 127.882759
3 12 48.754487
3 13 69.921384
3 14 120.569482
3 15 65.000000
3 16 15.264338
3 17 98.081599
3 18 70.604532
3 19 148.219432
3 20 38.078866
3 21 34.058773
3 22 78.714675
3 23 51.865210
3 24 124.595345
3 25 127.027556
3 26 79.404030
3 27 87.132084
3 28 46.529560
3 29 96.896852
3 30 81.608823
3 31 127.945301
3 32 162.689889
3 33 45.276926
3 34 143.735869
3 35 66.708320
3 36 27.166155
3 37 139.942845
3 38 102.615788
3 39 63.780875
3 40 119.151164
3 41 69.892775
3 42 90.873539
3 43 127.914034
3 44 146.184815
3 45 24.166092
3 46 57.428216
3 47 128.160056
3 48 127.015747
3 49 58.051701
3 50 131.711807
3 51 106.329676
3 52 130.602450
3 53 93.048375
3 54 39.824616
3 55 107.935166
3 56 88.684835
3 57 50.695167
3 58 85.796270
3 59 127.349912
3 60 137.353558
3 61 126.400158
3 62 106.301458
3 63 25.495098
3 64 56.000000
3 65 100.244701
3 66 108.004630
3 67 10.000000
3 68 75.432089
3 69 110.113578
3 70 69.289249
3 71 67.268120
3 72 32.695565
3 73 21.000000
3 74 120.929732
3 75 74.672619
3 76 46.957428
3 77 153.652205
3 78 152.069063
3 79 93.236259
3 80 100.344407
3 81 83.815273
3 82 99.005050
3 83 47.801674
3 84 70.830784
3 85 18.681542
3 86 58.137767
3 87 86.052310
3 88 118.848643
3 89 14.560220
3 90 130.506705
3 91 28.653098
3 92 95.189285
3 93 67.230945
3 94 60.083276
3 95 94.429868
3 96 80.529498
3 97 76.478755
3 98 138.924440
3 99 104.019229
4 5 80.622577
4 6 71.196910
4 7 28.861739
4 8 116.180893
4 9 38.470768
4 10 62.817195
4 11 101.138519
4 12 73.824115
4 13 96.519428
4 14 103.276328
4 15 62.177166
4 16 21.213203
4 17 82.152298
4 18 67.468511
4 19 124.354332
4 20 33.600595
4 21 62.425956
4 22 61.619802
4 23 78.313473
4 24 102.083299
4 25 137.902139
4 26 91.443972
4 27 57.140179
4 28 51.478151
4 29 114.236597
4 30 53.037722
4 31 110.476242
4 32 135.369864
4 33 65.459911
4 34 126.668860
4 35 51.039201
4 36 45.221676
4 37 149.335193
4 38 89.022469
4 39 40.162171
4 40 90.088845
4 41 56.320511
4 42 73.437048
4 43 114.808536
4 44 124.036285
4 45 54.781384
4 46 84.219950
4 47 105.848949
4 48 108.074049
4 49 53.935146
4 50 119.854078
4 51 116.691902
4 52 106.470653
4 53 98.858485
4 54 67.801180
4 55 90.094395
4 56 105.848949
4 57 61.131007
4 58 92.195445
4 59 100.124922
4 60 145.454460
4 61 97.672924
4 62 75.953933
4 63 48.795492
4 64 72.090221
4 65 85.052925
4 66 79.511006
4 67 37.215588
4 68 44.911023
4 69 97.652445
4 70 76.380626
4 71 95.047357
4 72 46.518813
4 73 31.016125
4 74 98.086696
4 75 54.561891
4 76 71.847060
4 77 137.207871
4 78 121.803120
4 79 65.115282
4 80 110.317723
4 81 90.088845
4 82 79.025312
4 83 21.023796
4 84 74.202426
4 85 25.298221
4 86 31.764760
4 87 115.377641
4 88 88.238314
4 89 33.241540
4 90 116.107709
4 91 59.093147
4 92 80.024996
4 93 36.674242
4 94 48.052055
4 95 65.007692
4 96 63.198101
4 97 58.309519
4 98 147.989865
4 99 75.663730
5 6 75.425460
5 7 53.413481
5 8 40.718546
5 9 64.031242
5 10 132.007576
5 11 111.305885
5 12 127.475488
5 13 148.647233
5 14 145.279042
5 15 70.611614
5 16 90.609050
5 17 37.000000
5 18 138.462991
5 19 43.863424
5 20 73.817342
5 21 139.703257
5 22 116.004310
5 23 133.764719
5 24 129.618671
5 25 141.410749
5 26 170.299736
5 27 68.154237
5 28 129.807550
5 29 139.606590
5 30 32.140317
5 31 44.777226
5 32 58.523500
5 33 113.159180
5 34 164.757397
5 35 46.097722
5 36 125.717938
5 37 146.563979
5 38 46.097722
5 39 41.868843
5 40 89.308454
5 41 48.083261
5 42 32.140317
5 43 163.771182
5 44 147.597425
5 45 127.988281
5 46 162.889533
5 47 28.000000
5 48 144.844744
5 49 126.605687
5 50 170.484603
5 51 124.486947
5 52 26.000000
5 53 102.239914
5 54 145.454460
5 55 32.202484
5 56 186.075254
5 57 140.630722
5 58 100.000000
5 59 25.000000
5 60 140.132081
5 61 32.249031
5 62 67.742158
5 63 128.456218
5 64 152.502459
5 65 39.924930
5 66 88.102213
5 67 106.794195
5 68 61.131007
5 69 150.850920
5 70 94.201911
5 71 150.711645
5 72 96.041658
5 73 90.785461
5 74 20.024984
5 75 106.004717
5 76 125.706006
5 77 175.231276
5 78 66.753277
5 79 22.360680
5 80 119.205705
5 81 165.939748
5 82 121.016528
5 83 59.682493
5 84 85.708809
5 85 89.106678
5 86 48.877398
5 87 190.924069
5 88 53.907328
5 89 98.412398
5 90 57.801384
5 91 132.936075
5 92 39.293765
5 93 54.451814
5 94 55.036352
5 95 75.272837
5 96 35.693137
5 97 36.055513
5 98 144.640935
5 99 20.615528
6 7 54.037024
6 8 114.756263
6 9 92.005435
6 10 81.271151
6 11 158.927656
6 12 63.600314
6 13 80.156098
6 14 172.594901
6 15 9.219544
6 16 60.638272
6 17 44.721360
6 18 137.058382
6 19 104.656581
6 20 38.078866
6 21 99.297533
6 22 132.060592
6 23 69.814039
6 24 167.092789
6 25 72.470684
6 26 151.647618
6 27 108.756609
6 28 116.417353
6 29 64.195015
6 30 75.894664
6 31 70.837843
6 32 130.291980
6 33 49.091751
6 34 195.673197
6 35 34.785054
6 36 99.408249
6 37 81.608823
6 38 42.638011
6 39 53.665631
6 40 141.354165
6 41 29.614186
6 42 44.384682
6 43 185.564005
6 44 188.621314
6 45 83.546394
6 46 122.024588
6 47 83.192548
6 48 176.241312
6 49 123.490890
6 50 190.829767
6 51 52.554733
6 52 90.824006
6 53 30.886890
6 54 104.737768
6 55 55.946403
6 56 160.078106
6 57 122.482652
6 58 26.248809
6 59 100.129916
6 60 76.694198
6 61 107.074740
6 62 120.830460
6 63 97.005155
6 64 128.140548
6 65 44.418465
6 66 134.301899
6 67 66.030296
6 68 95.131488
6 69 168.656456
6 70 19.313208
6 71 84.148678
6 72 42.579338
6 73 51.351728
6 74 79.120162
6 75 124.016128
6 76 62.425956
6 77 206.409787
6 78 141.014184
6 79 80.230917
6 80 46.486557
6 81 155.128979
6 82 147.410990
6 83 61.522354
6 84 10.440307
6 85 55.108983
6 86 60.464866
6 87 139.989285
6 88 119.100798
6 89 58.034473
6 90 67.201190
6 91 88.073833
6 92 41.146081
6 93 82.097503
6 94 29.154759
6 95 118.190524
6 96 40.012498
6 97 41.194660
6 98 80.000000
6 99 88.362888
7 8 91.547802
7 9 38.013156
7 10 80.454956
7 11 105.309069
7 12 81.786307
7 13 104.560987
7 14 120.104121
7 15 45.000000
7 16 37.536649
7 17 54.037024
7 18 94.260278
7 19 96.566040
7 20 27.018512
7 21 86.371292
7 22 81.437092
7 23 87.555697
7 24 113.172435
7 25 125.936492
7 26 120.303782
7 27 55.461698
7 28 80.230917
7 29 109.895405
7 30 31.622777
7 31 81.743501
7 32 110.453610
7 33 69.354164
7 34 142.800560
7 35 24.698178
7 36 72.897188
7 37 135.602360
7 38 61.660360
7 39 11.661904
7 40 88.955045
7 41 30.870698
7 42 45.011110
7 43 134.647688
7 44 134.617978
7 45 75.286121
7 46 109.480592
7 47 77.388630
7 48 123.065023
7 49 81.055537
7 50 140.427917
7 51 105.309069
7 52 78.771822
7 53 84.628600
7 54 92.097774
7 55 61.400326
7 56 134.480482
7 57 89.988888
7 58 79.075913
7 59 75.166482
7 60 130.728727
7 61 75.292762
7 62 69.856997
7 63 75.166482
7 64 100.657836
7 65 57.140179
7 66 80.950602
7 67 54.405882
7 68 41.593269
7 69 118.595953
7 70 65.795137
7 71 105.019046
7 72 49.648766
7 73 39.812058
7 74 69.771054
7 75 72.470684
7 76 79.831072
7 77 153.600130
7 78 104.043260
7 79 42.059482
7 80 98.979796
7 81 118.511603
7 82 94.625578
7 83 9.219544
7 84 60.539243
7 85 36.891733
7 86 8.000000
7 87 138.105032
7 88 74.330344
7 89 46.647615
7 90 88.022724
7 91 80.156098
7 92 52.239832
7 93 28.635642
7 94 25.495098
7 95 64.845971
7 96 35.057096
7 97 30.016662
7 98 134.014925
7 99 52.839379
8 9 89.899944
8 10 171.604196
8 11 113.951744
8 12 168.154691
8 13 189.362087
8 14 158.012658
8 15 110.724884
8 16 129.073622
8 17 72.173402
8 18 165.462987
8 19 29.832868
8 20 114.057003
8 21 177.519013
8 22 137.786066
8 23 174.427635
8 24 137.524543
8 25 176.229963
8 26 201.444782
8 27 85.375641
8 28 161.554944
8 29 178.538511
8 30 63.253458
8 31 62.968246
8 32 19.209373
8 33 153.873325
8 34 173.738309
8 35 86.815897
8 36 161.198635
8 37 179.479804
8 38 79.025312
8 39 80.603970
8 40 91.923882
8 41 88.600226
8 42 70.405966
8 43 178.137587
8 44 151.211772
8 45 166.832251
8 46 200.142449
8 47 38.600518
8 48 155.157984
8 49 155.206314
8 50 185.172892
8 51 161.111762
8 52 27.892651
8 53 139.359248
8 54 183.152942
8 55 63.031738
8 56 218.892668
8 57 173.104015
8 58 138.050715
8 59 16.401219
8 60 172.675997
8 61 21.587033
8 62 75.026662
8 63 164.939383
8 64 186.131674
8 65 74.027022
8 66 96.020831
8 67 145.866377
8 68 84.693565
8 69 168.315181
8 70 133.880544
8 71 191.415778
8 72 136.565003
8 73 130.430058
8 74 38.118237
8 75 128.160056
8 76 166.373075
8 77 183.324848
8 78 39.623226
8 79 51.088159
8 80 156.320184
8 81 194.653538
8 82 136.824705
8 83 96.166522
8 84 125.171882
8 85 128.226362
8 86 85.586214
8 87 229.630137
8 88 52.153619
8 89 137.800581
8 90 77.620873
8 91 171.703232
8 92 75.325958
8 93 83.528438
8 94 95.754895
8 95 88.814413
8 96 75.894664
8 97 76.694198
8 98 177.496479
8 99 40.804412
9 10 101.202767
9 11 67.535176
9 12 111.112556
9 13 134.059688
9 14 85.428333
9 15 83.006024
9 16 59.076222
9 17 82.855296
9 18 75.894664
9 19 105.905618
9 20 61.684682
9 21 98.412398
9 22 52.086467
9 23 116.004310
9 24 75.742986
9 25 163.917662
9 26 111.830228
9 27 19.104973
9 28 72.622311
9 29 146.184815
9 30 32.015621
9 31 104.923782
9 32 108.706026
9 33 101.118742
9 34 107.186753
9 35 60.207973
9 36 77.103826
9 37 173.600115
9 38 92.135769
9 39 40.607881
9 40 52.952809
9 41 66.603303
9 42 73.409809
9 43 102.142058
9 44 96.896852
9 45 92.720009
9 46 118.190524
9 47 92.021737
9 48 87.132084
9 49 65.306967
9 50 108.521887
9 51 143.209637
9 52 88.814413
9 53 122.641755
9 54 103.310212
9 55 86.400231
9 56 130.000000
9 57 84.504438
9 58 117.046999
9 59 75.610846
9 60 168.668314
9 61 68.963759
9 62 37.483330
9 63 82.855296
9 64 98.351411
9 65 86.406018
9 66 43.657760
9 67 75.663730
9 68 6.708204
9 69 87.863531
9 70 103.353761
9 71 133.033830
9 72 81.215762
9 73 67.186308
9 74 84.005952
9 75 42.107007
9 76 109.114619
9 77 117.991525
9 78 86.833173
9 79 42.426407
9 80 136.857590
9 81 104.785495
9 82 60.008333
9 83 31.780497
9 84 98.478424
9 85 62.032250
9 86 31.827661
9 87 151.182010
9 88 51.865210
9 89 71.028163
9 90 114.843372
9 91 96.767763
9 92 82.292162
9 93 11.180340
9 94 63.126856
9 95 27.892651
9 96 65.863495
9 97 61.057350
9 98 172.002907
9 99 50.289164
10 11 159.314155
10 12 28.635642
10 13 43.011626
10 14 147.078210
10 15 76.967526
10 16 43.863424
10 17 117.324337
10 18 90.697299
10 19 172.586210
10 20 58.694122
10 21 23.259407
10 22 106.606754
10 23 27.802878
10 24 154.029218
10 25 117.324337
10 26 84.118963
10 27 119.519873
10 28 64.899923
10 29 81.412530
10 30 111.413644
10 31 147.027208
10 32 190.234066
10 33 36.013886
10 34 169.578890
10 35 88.526832
10 36 41.340053
10 37 131.244047
10 38 119.570063
10 39 91.021975
10 40 151.400132
10 41 89.810912
10 42 111.825757
10 43 151.449662
10 44 175.148508
10 45 11.180340
10 46 42.011903
10 47 151.558570
10 48 154.382642
10 49 80.529498
10 50 154.236831
10 51 98.716767
10 52 155.569920
10 53 92.005435
10 54 26.925824
10 55 128.222463
10 56 85.615419
10 57 62.936476
10 58 85.005882
10 59 155.206314
10 60 130.249760
10 61 155.724115
10 62 138.654246
10 63 33.600595
10 64 60.207973
10 65 118.726577
10 66 140.128512
10 67 26.400758
10 68 107.707938
10 69 133.843192
10 70 70.455660
10 71 38.470768
10 72 39.824616
10 73 41.231056
10 74 145.000000
10 75 104.139330
10 76 27.856777
10 77 178.885438
10 78 183.068293
10 79 122.449990
10 80 93.744333
10 81 94.201911
10 82 127.612695
10 83 77.820306
10 84 75.709973
10 85 43.566042
10 86 87.321246
10 87 60.216277
10 88 150.545674
10 89 33.837849
10 90 146.686741
10 91 11.401754
10 92 113.991228
10 93 98.979796
10 94 80.280757
10 95 126.775392
10 96 102.176318
10 97 99.085821
10 98 130.648383
10 99 133.255394
11 12 174.748391
11 13 197.131936
11 14 51.429563
11 15 150.096636
11 16 122.249744
11 17 141.767415
11 18 93.471921
11 19 140.801278
11 20 128.949603
11 21 149.405489
11 22 60.745370
11 23 178.885438
11 24 26.570661
11 25 231.192560
11 26 135.118467
11 27 50.219518
11 28 108.171161
11 29 213.384629
11 30 87.692645
11 31 156.064089
11 32 127.318498
11 33 166.481230
11 34 61.204575
11 35 125.602548
11 36 124.579292
11 37 240.470372
11 38 151.644321
11 39 105.801701
11 40 22.472205
11 41 131.821849
11 42 133.056379
11 43 71.693793
11 44 37.363083
11 45 149.083869
11 46 163.168624
11 47 135.988970
11 48 45.221676
11 49 92.347171
11 50 78.549348
11 51 210.618138
11 52 128.316016
11 53 189.747200
11 54 152.839785
11 55 141.605085
11 56 156.118545
11 57 118.962179
11 58 184.361059
11 59 107.517440
11 60 235.287059
11 61 94.641429
11 62 43.566042
11 63 132.378246
11 64 133.454112
11 65 145.344419
11 66 24.839485
11 67 136.623570
11 68 63.812225
11 69 69.202601
11 70 170.883001
11 71 195.020512
11 72 147.054412
11 73 132.003788
11 74 129.251692
11 75 58.051701
11 76 172.791782
11 77 70.007142
11 78 85.375641
11 79 90.801982
11 80 204.286563
11 81 120.950403
11 82 43.266615
11 83 99.282425
11 84 165.846314
11 85 126.384334
11 86 98.478424
11 87 197.881278
11 88 62.361847
11 89 134.171532
11 90 168.908259
11 91 152.003289
11 92 142.270868
11 93 76.850504
11 94 129.799846
11 95 40.804412
11 96 128.035151
11 97 123.907223
11 98 238.817922
11 99 90.917545
12 13 23.021729
12 14 169.198109
12 15 62.225397
12 16 52.611786
12 17 105.475116
12 18 116.180893
12 19 164.201096
12 20 55.362442
12 21 51.894123
12 22 127.455875
12 23 6.403124
12 24 173.104015
12 25 88.887569
12 26 112.712022
12 27 130.188325
12 28 90.553851
12 29 52.839379
12 30 113.265176
12 31 133.734812
12 32 185.809042
12 33 14.866069
12 34 192.262841
12 35 81.492331
12 36 67.178866
12 37 102.883429
12 38 105.475116
12 39 90.138782
12 40 163.688729
12 41 80.709355
12 42 102.004902
12 43 175.650221
12 44 194.794764
12 45 38.013156
12 46 68.883960
12 47 142.611360
12 48 175.755512
12 49 104.809351
12 50 179.011173
12 51 70.859015
12 52 148.384635
12 53 66.910388
12 54 55.362442
12 55 116.846053
12 56 113.885908
12 57 90.271812
12 58 60.415230
12 59 152.069063
12 60 102.181212
12 61 155.080624
12 62 148.003378
12 63 60.307545
12 64 88.684835
12 65 106.075445
12 66 153.310143
12 67 39.000000
12 68 117.017093
12 69 157.867033
12 70 48.332184
12 71 23.409400
12 72 32.280025
12 73 44.000000
12 74 137.058382
12 75 123.308556
12 76 2.000000
12 77 202.039600
12 78 185.585560
12 79 122.711043
12 80 66.272166
12 81 122.319254
12 82 147.732867
12 83 82.389320
12 84 55.569776
12 85 49.091751
12 86 89.627005
12 87 78.447435
12 88 155.858911
12 89 40.607881
12 90 130.801376
12 91 39.824616
12 92 101.911727
12 93 106.117859
12 94 72.560320
12 95 138.520757
12 96 93.744333
12 97 91.923882
12 98 102.357218
12 99 133.135270
13 14 189.214164
13 15 80.709355
13 16 75.325958
13 17 124.036285
13 18 133.701159
13 19 183.619171
13 20 77.878110
13 21 64.350602
13 22 148.003378
13 23 18.248288
13 24 194.486503
13 25 86.052310
13 26 124.201449
13 27 153.117602
13 28 107.898100
13 29 47.095647
13 30 135.915415
13 31 150.986754
13 32 206.613165
13 33 35.735137
13 34 211.983490
13 35 102.552426
13 36 84.314886
13 37 100.124922
13 38 122.788436
13 39 112.538882
13 40 186.526138
13 41 101.074230
13 42 121.593585
13 43 194.311605
13 44 216.002315
13 45 54.083269
13 46 75.133215
13 47 161.987654
13 48 196.173393
13 49 123.308556
13 50 197.202941
13 51 72.006944
13 52 168.439900
13 53 75.133215
13 54 66.068147
13 55 135.428948
13 56 121.655251
13 57 105.645634
13 58 69.971423
13 59 173.461811
13 60 101.019800
13 61 177.087549
13 62 171.011696
13 63 76.609399
13 64 101.316336
13 65 124.201449
13 66 176.028407
13 67 60.638272
13 68 140.003571
13 69 176.646540
13 70 62.241465
13 71 7.071068
13 72 54.918121
13 73 67.007462
13 74 156.923548
13 75 144.516435
13 76 25.019992
13 77 221.472346
13 78 208.096132
13 79 145.065502
13 80 69.123079
13 81 135.882302
13 82 168.656456
13 83 105.385008
13 84 70.724819
13 85 72.027772
13 86 112.449989
13 87 74.000000
13 88 178.756818
13 89 63.285069
13 90 146.413797
13 91 54.037024
13 92 120.432554
13 93 129.139460
13 94 93.621579
13 95 161.375339
13 96 114.061387
13 97 112.729765
13 98 100.044990
13 99 155.360870
14 15 163.376865
14 16 121.210561
14 17 168.252786
14 18 61.204575
14 19 181.796590
14 20 136.488095
14 21 130.770792
14 22 42.201896
14 23 171.735261
14 24 25.238859
14 25 241.174211
14 26 97.672924
14 27 77.129761
14 28 84.403791
14 29 216.009259
14 30 115.433964
14 31 188.809428
14 32 173.565550
14 33 165.024241
14 34 23.430749
14 35 144.267113
14 36 106.569226
14 37 252.461878
14 38 177.564073
14 39 125.399362
14 40 68.658576
14 41 150.632002
14 42 158.823802
14 43 20.615528
14 44 34.481879
14 45 135.930129
14 46 137.713471
14 47 172.586210
14 48 9.486833
14 49 67.446275
14 50 27.658633
14 51 219.965906
14 52 166.883193
14 53 201.675482
14 54 132.442440
14 55 171.233758
14 56 118.127050
14 57 91.787799
14 58 195.207582
14 59 148.408221
14 60 248.364651
14 61 137.032843
14 62 83.000000
14 63 114.791115
14 64 104.120123
14 65 171.813853
14 66 62.128898
14 67 130.510536
14 68 85.796270
14 69 21.023796
14 70 179.610690
14 71 185.407659
14 72 148.222805
14 73 132.438665
14 74 164.975756
14 75 48.795492
14 76 167.451486
14 77 33.941125
14 78 134.617978
14 79 122.971541
14 80 213.588389
14 81 81.252692
14 82 25.553865
14 83 111.606451
14 84 176.918060
14 85 126.657017
14 86 115.762688
14 87 171.143215
14 88 106.169676
14 89 131.487642
14 90 199.672231
14 91 137.295302
14 92 167.720005
14 93 96.607453
14 94 145.426958
14 95 70.710678
14 96 151.182010
14 97 146.294224
14 98 251.071703
14 99 126.921235
15 16 52.611786
15 17 43.416587
15 18 128.413395
15 19 102.927159
15 20 29.410882
15 21 93.621579
15 22 122.886126
15 23 68.593003
15 24 157.952525
15 25 81.123363
15 26 144.222051
15 27 99.984999
15 28 108.258949
15 29 70.028566
15 30 68.154237
15 31 71.589105
15 32 127.015747
15 33 47.381431
15 34 186.453748
15 35 27.294688
15 36 92.048900
15 37 90.603532
15 38 43.416587
15 39 45.310043
15 40 132.823191
15 41 23.021729
15 42 41.146081
15 43 176.400113
15 44 179.513231
15 45 78.160092
15 46 116.760439
15 47 81.301906
15 48 167.026944
15 49 114.825955
15 50 181.694799
15 51 60.835845
15 52 88.102213
15 53 39.661064
15 54 99.201814
15 55 54.817880
15 56 153.394915
15 57 114.738834
15 58 34.438351
15 59 95.566731
15 60 85.796270
15 61 101.597244
15 62 112.538882
15 63 90.138782
15 64 121.000000
15 65 43.863424
15 66 125.538839
15 67 59.539903
15 68 86.284413
15 69 159.530561
15 70 24.000000
15 71 84.023806
15 72 37.336309
15 73 44.000000
15 74 76.478755
15 75 114.808536
15 76 60.827625
15 77 197.190263
15 78 135.092561
15 79 73.334848
15 80 54.626001
15 81 147.139390
15 82 138.191896
15 83 52.345009
15 84 16.492423
15 85 47.265209
15 86 51.623638
15 87 136.565003
15 88 111.803399
15 89 51.156622
15 90 69.835521
15 91 82.861330
15 92 39.824616
15 93 73.246160
15 94 20.615528
15 95 109.416635
15 96 34.928498
15 97 35.128336
15 98 89.022469
15 99 82.006097
16 17 83.168504
16 18 77.369245
16 19 133.003759
16 20 24.020824
16 21 49.203658
16 22 79.025312
16 23 57.140179
16 24 122.102416
16 25 121.379570
16 26 92.000000
16 27 78.006410
16 28 55.785303
16 29 94.868330
16 30 67.742158
16 31 112.946890
16 32 147.989865
16 33 44.777226
16 34 144.627107
16 35 51.623638
16 36 40.311289
16 37 133.600150
16 38 88.073833
16 39 48.795492
16 40 111.220502
16 41 55.081757
16 42 75.769387
16 43 130.831953
16 44 144.003472
16 45 37.802116
16 46 72.670489
16 47 112.898184
16 48 126.751726
16 49 64.007812
16 50 135.281189
16 51 100.264650
16 52 115.420969
16 53 84.599054
16 54 55.000000
16 55 92.849340
16 56 102.771591
16 57 62.201286
16 58 77.524190
16 59 112.698713
16 60 130.357202
16 61 112.329871
16 62 96.420952
16 63 40.162171
16 64 69.462220
16 65 85.440037
16 66 100.717426
16 67 17.464249
16 68 65.276336
16 69 113.216607
16 70 61.057350
16 71 74.000000
16 72 27.018512
16 73 11.313708
16 74 105.683490
16 75 73.246160
16 76 50.635956
16 77 154.932243
16 78 139.204885
16 79 79.056942
16 80 94.021274
16 81 94.540996
16 82 97.943861
16 83 34.000000
16 84 60.926185
16 85 5.830952
16 86 43.829214
16 87 100.568385
16 88 106.901824
16 89 12.041595
16 90 115.952577
16 91 42.638011
16 92 80.361682
16 93 55.542776
16 94 45.354162
16 95 86.092973
16 96 65.391131
16 97 61.269895
16 98 132.412235
16 99 89.872131
17 18 148.273396
17 19 59.941638
17 20 60.415230
17 21 130.613935
17 22 132.966161
17 23 111.865991
17 24 156.460858
17 25 104.938077
17 26 172.965314
17 27 93.744333
17 28 133.540256
17 29 106.962610
17 30 54.405882
17 31 29.966648
17 32 86.348133
17 33 90.609050
17 34 189.652313
17 35 31.780497
17 36 122.971541
17 37 109.635761
17 38 9.899495
17 39 44.721360
17 40 120.917327
17 41 28.231188
17 42 9.486833
17 43 184.808008
17 44 176.232801
17 45 116.361506
17 46 154.304893
17 47 38.483763
17 48 169.531708
17 49 135.092561
17 50 191.039263
17 51 89.005618
17 52 46.572524
17 53 67.186308
17 54 136.418474
17 55 11.401754
17 56 185.539753
17 57 142.555252
17 58 66.098411
17 59 59.211485
17 60 103.160070
17 61 68.883960
17 62 98.994949
17 63 123.328829
17 64 151.855194
17 65 3.605551
17 66 117.290238
17 67 95.707889
17 68 82.764727
17 69 169.838158
17 70 63.976558
17 71 127.440182
17 72 77.801028
17 73 78.721026
17 74 34.928498
17 75 123.369364
17 76 104.004808
17 77 200.412075
17 78 103.368274
17 79 51.739733
17 80 84.148678
17 81 172.235304
17 82 142.863571
17 83 63.126856
17 84 55.036352
17 85 79.479557
17 86 54.918121
17 87 177.530279
17 88 89.358827
17 89 86.764048
17 90 34.000000
17 91 121.313643
17 92 3.605551
17 93 71.693793
17 94 38.078866
17 95 102.415819
17 96 19.000000
17 97 24.020824
17 98 107.703296
17 99 55.569776
18 19 181.416648
18 20 99.020200
18 21 71.589105
18 22 33.600595
18 23 117.443603
18 24 76.687678
18 25 197.517088
18 26 41.880783
18 27 82.152298
18 28 25.806976
18 29 167.026944
18 30 106.512910
18 31 175.045708
18 32 183.980977
18 33 115.520561
18 34 81.492331
18 35 118.088950
18 36 49.406477
18 37 210.240339
18 38 155.823618
18 39 104.004808
18 40 98.081599
18 41 123.628476
18 42 139.129436
18 43 61.326992
18 44 94.132885
18 45 79.630396
18 46 76.531039
18 47 166.048186
18 48 70.028566
18 49 13.601471
18 50 63.631753
18 51 176.672012
18 52 164.000000
18 53 161.941347
18 54 72.449983
18 55 155.000000
18 56 62.769419
18 57 30.805844
18 58 154.828938
18 59 151.489274
18 60 207.347534
18 61 144.180443
18 62 99.020200
18 63 57.140179
18 64 43.000000
18 65 151.400132
18 66 86.452299
18 67 80.280757
18 68 80.777472
18 69 44.271887
18 70 138.311243
18 71 129.003876
18 72 102.625533
18 73 88.192970
18 74 157.990506
18 75 40.360872
18 76 114.690889
18 77 89.810912
18 78 156.012820
18 79 117.881296
18 80 170.581359
18 81 30.000000
18 82 50.921508
18 83 85.146932
18 84 138.224455
18 85 83.186537
18 86 94.005319
18 87 110.018180
18 88 121.202310
18 89 84.314886
18 90 182.222392
18 91 79.924965
18 92 146.492321
18 93 84.172442
18 94 115.520561
18 95 82.619610
18 96 129.313572
18 97 124.257797
18 98 209.153054
18 99 126.178445
19 20 113.899078
19 21 182.200439
19 22 156.923548
19 23 170.601876
19 24 162.975458
19 25 157.622968
19 26 214.107450
19 27 106.004717
19 28 173.626035
19 29 165.704556
19 30 75.000000
19 31 40.012498
19 32 32.015621
19 33 149.402142
19 34 199.100477
19 35 84.148678
19 36 169.307413
19 37 159.000000
19 38 63.568860
19 39 84.905830
19 40 118.406081
19 41 83.737686
19 42 62.201286
19 43 201.357890
19 44 178.160040
19 45 169.649639
19 46 205.642894
19 47 21.633308
19 48 179.888855
19 49 169.920570
19 50 208.290662
19 51 144.931018
19 52 17.888544
19 53 124.454811
19 54 188.002660
19 55 48.754487
19 56 229.930424
19 57 184.491192
19 58 124.595345
19 59 33.541020
19 60 152.003289
19 61 46.173586
19 62 99.463561
19 63 171.723615
19 64 196.328806
19 65 60.415230
19 66 120.838736
19 67 148.394744
19 68 101.965681
19 69 190.010526
19 70 123.878973
19 71 186.702973
19 72 134.536240
19 73 131.795296
19 74 27.586228
19 75 146.986394
19 76 162.609963
19 77 209.059800
19 78 69.310894
19 79 63.560994
19 80 140.918416
19 81 209.389589
19 82 159.050307
19 83 103.353761
19 84 114.934764
19 85 130.873985
19 86 92.590496
19 87 232.361787
19 88 78.447435
19 89 139.703257
19 90 53.338541
19 91 174.642492
19 92 63.529521
19 93 97.267672
19 94 92.698436
19 95 111.220502
19 96 70.837843
19 97 73.539105
19 98 157.000000
19 99 56.222771
20 21 70.213959
20 22 95.131488
20 23 61.351447
20 24 133.454112
20 25 104.890419
20 26 116.004310
20 27 80.361682
20 28 79.075913
20 29 84.504438
20 30 58.051701
20 31 90.376988
20 32 132.310241
20 33 42.426407
20 34 159.806133
20 35 30.000000
20 36 64.280635
20 37 115.974135
20 38 64.560050
20 39 34.785054
20 40 114.284732
20 41 32.202484
20 42 53.851648
20 43 148.404852
20 44 155.331903
20 45 56.302753
20 46 93.914855
20 47 92.956979
20 48 140.858085
20 49 85.440037
20 50 153.447059
20 51 83.737686
20 52 96.896852
20 53 65.299311
20 54 76.026311
20 55 70.710678
20 56 126.589889
20 57 86.092973
20 58 58.728187
20 59 97.754795
20 60 111.946416
20 61 99.924972
20 62 96.176920
20 63 63.560994
20 64 93.434469
20 65 62.393910
20 66 105.342299
20 67 35.355339
20 68 66.483081
20 69 131.244047
20 70 43.278170
20 71 78.746428
20 72 23.086793
20 73 18.357560
20 74 86.313383
20 75 87.692645
20 76 53.450912
20 77 170.425937
20 78 130.249760
20 79 67.357256
20 80 77.336925
20 81 118.088950
20 82 111.803399
20 83 30.083218
20 84 40.607881
20 85 19.416488
20 86 35.014283
20 87 118.562220
20 88 101.316336
20 89 26.419690
20 90 92.444578
20 91 61.294372
20 92 57.384667
20 93 54.129474
20 94 22.360680
20 95 89.493016
20 96 43.829214
20 97 40.459857
20 98 114.586212
20 99 77.833155
21 22 92.541882
21 23 50.774009
21 24 140.698259
21 25 140.456399
21 26 60.901560
21 27 115.169440
21 28 46.486557
21 29 104.656581
21 30 114.978259
21 31 160.580198
21 32 196.580772
21 33 58.051701
21 34 152.433592
21 35 99.849887
21 36 25.019992
21 37 154.324334
21 38 134.260940
21 39 97.836598
21 40 144.585615
21 41 102.415819
21 42 123.943536
21 43 132.913506
21 44 160.953409
21 45 16.000000
21 46 23.706539
21 47 161.978394
21 48 138.740765
21 49 63.324561
21 50 135.070352
21 51 121.564798
21 52 164.623814
21 53 113.534136
21 54 5.830952
21 55 140.890028
21 56 62.968246
21 57 41.880783
21 58 106.381389
21 59 161.226549
21 60 153.160047
21 61 159.790488
21 62 134.833230
21 63 17.029386
21 64 37.202150
21 65 132.502830
21 66 132.774244
21 67 34.928498
21 68 105.118980
21 69 115.693561
21 70 91.021975
21 71 58.796258
21 72 56.718604
21 73 51.894123
21 74 154.841855
21 75 92.000000
21 76 51.078371
21 77 161.186228
21 78 184.024455
21 79 126.810883
21 80 116.417353
21 81 71.589105
21 82 113.745330
21 83 81.394103
21 84 95.189285
21 85 51.623638
21 86 91.934759
21 87 53.000000
21 88 149.883288
21 89 43.863424
21 90 161.987654
21 91 12.369317
21 92 127.534309
21 93 98.792712
21 94 92.574294
21 95 121.165177
21 96 113.740934
21 97 109.931797
21 98 153.687996
21 99 137.535450
22 23 130.268953
22 24 48.166378
22 25 199.409127
22 26 75.451971
22 27 52.497619
22 28 48.259714
22 29 173.807365
22 30 84.095184
22 31 156.697160
22 32 155.589203
22 33 122.873919
22 34 65.604878
22 35 106.103723
22 36 67.601775
22 37 210.950231
22 38 141.682744
22 39 88.543774
22 40 64.536811
22 41 112.307613
22 42 123.490890
22 43 53.535035
22 44 68.658576
22 45 95.603347
22 46 103.585713
22 47 144.003472
22 48 48.301139
22 49 31.780497
22 50 59.059292
22 51 178.196521
22 52 140.288987
22 53 160.430670
22 54 95.131488
22 55 137.673527
22 56 96.254870
22 57 58.463664
22 58 153.808322
22 59 125.131930
22 60 207.060378
22 61 116.211015
22 62 67.230945
22 63 75.802375
22 64 72.801099
22 65 136.400147
22 66 53.037722
22 67 88.588938
22 68 55.081757
22 69 37.161808
22 70 137.974635
22 71 144.557947
22 72 106.042444
22 73 90.271812
22 74 136.014705
22 75 10.000000
22 76 125.670203
22 77 75.927597
22 78 124.342270
22 79 94.047860
22 80 171.840042
22 81 62.936476
22 82 21.213203
22 83 72.449983
22 84 135.723985
22 85 84.504438
22 86 78.434686
22 87 138.177422
22 88 90.338253
22 89 89.308454
22 90 165.951800
22 91 97.514102
22 92 131.897688
22 93 62.513998
22 94 106.066017
22 95 51.000000
22 96 114.791115
22 97 109.731490
22 98 209.609160
22 99 100.717426
23 24 176.459627
23 25 91.443972
23 26 111.646764
23 27 135.033329
23 28 91.678787
23 29 54.230987
23 30 119.104996
23 31 140.071410
23 32 192.130164
23 33 21.260292
23 34 194.653538
23 35 87.817994
23 36 68.117545
23 37 105.536723
23 38 111.803399
23 39 96.135321
23 40 168.359734
23 41 87.091905
23 42 108.406642
23 43 177.504930
23 44 198.040400
23 45 38.183766
23 46 65.969690
23 47 149.013422
23 48 178.518907
23 49 106.508216
23 50 180.648831
23 51 74.242845
23 52 154.767568
23 53 71.805292
23 54 53.665631
23 55 123.239604
23 56 111.664677
23 57 90.553851
23 58 65.520989
23 59 158.316139
23 60 105.223572
23 61 161.186228
23 62 153.081678
23 63 60.827625
23 64 87.920419
23 65 112.449989
23 66 157.813181
23 67 42.449971
23 68 122.016392
23 69 159.765453
23 70 54.120237
23 71 17.464249
23 72 38.275318
23 73 49.162994
23 74 143.450340
23 75 126.530629
23 76 8.062258
23 77 204.286563
23 78 191.481070
23 79 128.705089
23 80 70.007142
23 81 122.004098
23 82 150.784615
23 83 87.823687
23 84 61.587336
23 85 54.009258
23 86 95.341491
23 87 73.246160
23 88 161.446586
23 89 45.099889
23 90 137.003650
23 91 39.204592
23 92 108.300508
23 93 111.364267
23 94 78.892332
23 95 143.223601
23 96 100.124922
23 97 98.270036
23 98 105.118980
23 99 139.176147
24 25 238.033611
24 26 116.709040
24 27 62.769419
24 28 96.005208
24 29 216.316897
24 30 102.215459
24 31 174.132134
24 32 152.000000
24 33 166.859222
24 34 36.221541
24 35 135.948520
24 36 115.732450
24 37 248.394847
24 38 166.138496
24 39 116.275535
24 40 46.010868
24 41 142.341140
24 42 147.275253
24 43 45.188494
24 44 21.954498
24 45 143.178211
24 46 151.162165
24 47 155.900609
24 48 18.681542
24 49 79.056942
24 50 52.000000
24 51 217.002304
24 52 149.187801
24 53 197.306868
24 54 143.282937
24 55 157.943028
24 56 137.640837
24 57 105.385008
24 58 191.313878
24 59 129.437243
24 60 243.741667
24 61 117.239072
24 62 63.560994
24 63 123.911259
24 64 119.079805
24 65 160.065612
24 66 42.201896
24 67 134.134261
24 68 74.202426
24 69 44.598206
24 70 176.604077
24 71 191.481070
24 72 148.529458
24 73 132.834483
24 74 148.660687
24 75 50.000000
24 76 171.233758
24 77 46.097722
24 78 111.305885
24 79 107.837841
24 80 210.601519
24 81 101.237345
24 82 27.018512
24 83 105.645634
24 84 172.733899
24 85 127.015747
24 86 107.517440
24 87 185.528973
24 88 85.375641
24 89 133.416641
24 90 186.043006
24 91 145.344419
24 92 156.425701
24 93 86.556340
24 94 138.600144
24 95 54.561891
24 96 140.801278
24 97 136.209398
24 98 246.868386
24 99 110.054532
25 26 200.771014
25 27 181.107703
25 28 173.415686
25 29 39.000000
25 30 147.851277
25 31 117.720007
25 32 188.095720
25 33 83.630138
25 34 264.552452
25 35 106.929884
25 36 151.716842
25 37 14.142136
25 38 97.252249
25 39 126.126920
25 40 213.824695
25 41 101.237345
25 42 109.444050
25 43 252.051582
25 44 259.803772
25 45 125.538839
25 46 157.410292
25 47 139.014388
25 48 245.733596
25 49 184.613109
25 50 256.632032
25 51 21.213203
25 52 149.013422
25 53 41.593269
25 54 144.201248
25 55 113.216607
25 56 202.773272
25 57 175.823775
25 58 46.872167
25 59 164.103626
25 60 15.811388
25 61 173.611636
25 62 193.214906
25 63 146.239530
25 64 176.476627
25 65 102.591423
25 66 206.661559
25 67 117.660529
25 68 167.385782
25 69 234.522920
25 70 61.619802
25 71 93.085982
25 72 95.000000
25 73 110.113578
25 74 138.130373
25 75 192.416216
25 76 89.493016
25 77 275.109069
25 78 208.136974
25 79 150.840976
25 80 27.586228
25 81 208.856410
25 82 216.670256
25 83 132.638607
25 84 65.459911
25 85 115.624392
25 86 132.740348
25 87 160.028123
25 88 190.055255
25 89 113.225439
25 90 105.905618
25 91 128.160056
25 92 102.259474
25 93 154.350251
25 94 101.597244
25 95 190.538710
25 96 109.110036
25 97 111.664677
25 98 14.000000
25 99 157.695910
26 27 121.379570
26 28 40.496913
26 29 165.529454
26 30 139.617334
26 31 201.804361
26 32 220.410980
26 33 117.392504
26 34 114.039467
26 35 141.283403
26 36 52.239832
26 37 214.478437
26 38 179.011173
26 39 131.472431
26 40 139.807010
26 41 145.773797
26 42 164.575211
26 43 91.021975
26 44 132.003788
26 45 75.239617
26 46 52.009614
26 47 196.697738
26 48 107.079410
26 49 47.507894
26 50 90.448881
26 51 181.298097
26 52 196.290601
26 53 170.988304
26 54 58.249464
26 55 181.408379
26 56 21.023796
26 57 30.413813
26 58 163.713164
26 59 186.496649
26 60 212.906083
26 61 180.759509
26 62 139.344896
26 63 55.542776
26 64 24.351591
26 65 175.647374
26 66 128.062485
26 67 86.492774
26 68 117.596769
26 69 77.524190
26 70 147.512711
26 71 118.067777
26 72 111.004504
26 73 100.319490
26 74 188.788241
26 75 81.565924
26 76 111.803399
26 77 120.149906
26 78 195.780489
26 79 151.637726
26 80 175.840837
26 81 17.029386
26 82 92.135769
26 83 112.089250
26 84 149.933319
26 85 97.046381
26 86 122.413235
26 87 79.056942
26 88 160.561515
26 89 93.770998
26 90 206.642203
26 91 72.897188
26 92 170.557908
26 93 118.072012
26 94 136.444128
26 95 123.044707
26 96 154.207652
26 97 149.459024
26 98 213.740497
26 99 161.012422
27 28 84.386018
27 29 164.757397
27 30 39.446166
27 31 112.008928
27 32 103.092192
27 33 120.208153
27 34 96.932967
27 35 75.432089
27 36 92.574294
27 37 190.262976
27 38 103.469802
27 39 55.605755
27 40 33.955854
27 41 81.688432
27 42 84.628600
27 43 95.885348
27 44 82.619610
27 45 110.634533
27 46 133.723596
27 47 95.524866
27 48 76.896034
27 49 73.878278
27 50 102.703457
27 51 160.654910
27 52 90.271812
27 53 139.606590
27 54 119.774789
27 55 95.257546
27 56 140.758659
27 57 96.426138
27 58 134.331679
27 59 73.334848
27 60 185.067555
27 61 63.788714
27 62 19.697716
27 63 99.005050
27 64 110.887330
27 65 97.349884
27 66 25.553865
27 67 94.339811
27 68 13.928388
27 69 84.005952
27 70 121.247680
27 71 152.003289
27 72 100.284595
27 73 86.284413
27 74 87.863531
27 75 43.081318
27 76 128.191263
27 77 107.540690
27 78 74.411021
27 79 45.880279
27 80 154.353490
27 81 112.058021
27 82 53.235327
27 83 50.289164
27 84 115.883562
27 85 81.098705
27 86 48.373546
27 87 167.430583
27 88 39.204592
27 89 90.000000
27 90 123.482792
27 91 114.477072
27 92 93.813645
27 93 26.832816
27 94 79.611557
27 95 9.433981
27 96 78.644771
27 97 74.276510
27 98 188.605408
27 99 50.159745
28 29 141.873183
28 30 99.282425
28 31 161.941347
28 32 180.623919
28 33 90.603532
28 34 105.948101
28 35 102.122475
28 36 23.600847
28 37 186.432293
28 38 140.089257
28 39 91.219515
28 40 107.786827
28 41 107.004673
28 42 124.903963
28 43 86.769810
28 44 115.433964
28 45 53.823787
28 46 55.326305
28 47 156.236999
28 48 92.574294
28 49 17.117243
28 50 89.358827
28 51 152.816884
28 52 155.801155
28 53 139.316187
28 54 48.052055
28 55 141.566239
28 56 57.428216
28 57 12.041595
28 58 132.098448
28 59 146.372812
28 60 183.883115
28 61 141.173652
28 62 103.406963
28 63 31.384710
28 64 26.627054
28 65 136.367151
28 66 95.707889
28 67 55.758407
28 68 78.746428
28 69 69.354164
28 70 115.550855
28 71 103.247276
28 72 79.158070
28 73 65.787537
28 74 148.313856
28 75 50.289164
28 76 89.106678
28 77 114.769334
28 78 158.398232
28 79 111.364267
28 80 146.860478
28 81 39.115214
28 82 69.028979
28 83 71.805292
28 84 116.378692
28 85 61.400326
28 86 82.006097
28 87 89.944427
28 88 123.044707
28 89 60.835845
28 90 167.430583
28 91 54.203321
28 92 131.308796
28 93 78.032045
28 94 98.045908
28 95 87.658428
28 96 114.629839
28 97 109.772492
28 98 185.431928
28 99 120.933866
29 30 137.320792
29 31 128.035151
29 32 193.310631
29 33 51.623638
29 34 239.401337
29 35 97.185390
29 36 119.016806
29 37 53.037722
29 38 102.142058
29 39 113.600176
29 40 198.600101
29 41 93.005376
29 42 108.189648
29 43 224.644163
29 44 238.270854
29 45 90.735880
29 46 119.854078
29 47 144.920668
29 48 221.616786
29 49 154.857999
29 50 228.580402
29 51 28.301943
29 52 153.525242
29 53 42.059482
29 54 107.837841
29 55 117.443603
29 56 165.849329
29 57 142.635900
29 58 41.109610
29 59 164.222410
29 60 54.230987
29 61 171.236678
29 62 179.724790
29 63 112.645462
29 64 141.523850
29 65 105.773343
29 66 189.842040
29 67 86.977008
29 68 150.840976
29 69 206.867107
29 70 46.043458
29 71 54.147945
29 72 67.955868
29 73 83.761566
29 74 141.890803
29 75 168.074388
29 76 53.851648
29 77 249.615705
29 78 205.021950
29 79 143.282937
29 80 28.284271
29 81 175.025712
29 82 192.761511
29 83 114.490174
29 84 54.037024
29 85 89.587946
29 86 117.630778
29 87 121.037184
29 88 181.339461
29 89 84.646323
29 90 119.570063
29 91 92.660671
29 92 103.585713
29 93 138.220838
29 94 89.560036
29 95 173.954017
29 96 104.172933
29 97 105.004762
29 98 53.000000
29 99 152.029602
30 31 73.498299
30 32 82.462113
30 33 100.448992
30 34 136.058811
30 35 41.109610
30 36 97.948966
30 37 155.653461
30 38 64.202804
30 39 24.000000
30 40 67.623960
30 41 46.615448
30 42 45.453273
30 43 133.154046
30 44 121.827747
30 45 105.394497
30 46 137.207871
30 47 60.074953
30 48 115.952577
30 49 94.921020
30 50 139.713994
30 51 128.413395
30 52 57.489129
30 53 106.404887
30 54 120.507261
30 55 55.946403
30 56 156.284996
30 57 110.535062
30 58 102.142058
30 59 47.434165
30 60 149.966663
30 61 44.821870
30 62 46.043458
30 63 101.833197
30 64 123.174673
30 65 58.008620
30 66 63.031738
30 67 85.088190
30 68 29.832868
30 69 119.519873
30 70 91.591484
30 71 136.561342
30 72 81.024688
30 73 71.309186
30 74 52.038447
30 75 74.108029
30 76 111.323852
30 77 146.741269
30 78 72.422372
30 79 12.206556
30 80 122.380554
30 81 134.406101
30 82 90.520716
30 83 33.837849
30 84 84.646323
30 85 67.977938
30 86 24.166092
30 87 167.609666
30 88 44.102154
30 89 77.820306
30 90 84.308956
30 91 110.113578
30 92 54.671748
30 93 22.360680
30 94 47.853944
30 95 48.010416
30 96 40.607881
30 97 36.891733
30 98 153.883072
30 99 22.627417
31 32 71.344236
31 33 118.928550
31 34 208.925824
31 35 61.351447
31 36 152.486065
31 37 119.004202
31 38 28.284271
31 39 71.175839
31 40 133.988806
31 41 58.180753
31 42 37.363083
31 43 206.649462
31 44 192.353841
31 45 146.294224
31 46 184.271539
31 47 24.596748
31 48 188.904738
31 49 162.197411
31 50 213.190056
31 51 105.773343
31 52 35.341194
31 53 86.162637
31 54 166.385095
31 55 20.396078
31 56 214.972091
31 57 171.405951
31 58 87.206651
31 59 56.035703
31 60 112.017856
31 61 69.028979
31 62 112.507778
31 63 153.101274
31 64 181.201545
31 65 28.301943
31 66 132.834483
31 67 125.674182
31 68 103.324731
31 69 192.782261
31 70 89.202018
31 71 154.935470
31 72 107.335921
31 73 108.687626
31 74 28.319605
31 75 146.812806
31 76 132.382023
31 77 219.492597
31 78 100.722391
31 79 66.309879
31 80 102.142058
31 81 200.212387
31 82 164.012195
31 83 90.448881
31 84 80.430094
31 85 109.384642
31 86 81.055537
31 87 207.183494
31 88 97.185390
31 89 116.730459
31 90 14.764823
31 91 151.238223
31 92 33.120990
31 93 94.201911
31 94 68.029405
31 95 119.620232
31 96 47.801674
31 97 52.392748
31 98 117.004273
31 99 65.192024
32 33 171.353436
32 34 188.042548
32 35 104.316825
32 36 180.405100
32 37 190.168346
32 38 91.923882
32 39 99.357939
32 40 106.004717
32 41 105.550936
32 42 86.034877
32 43 193.932978
32 44 164.103626
32 45 185.698681
32 46 219.276082
32 47 49.162994
32 48 170.073514
32 49 173.971262
32 50 200.997512
32 51 174.269906
32 52 39.812058
32 53 153.055545
32 54 202.232539
32 55 76.118329
32 56 237.993697
32 57 192.213423
32 58 152.397507
32 59 35.355339
32 60 183.221178
32 61 39.812058
32 62 91.082380
32 63 184.114095
32 64 205.299781
32 65 87.664132
32 66 111.449540
32 67 164.657220
32 68 103.315052
32 69 184.967565
32 70 149.576068
32 71 208.942576
32 72 154.547727
32 73 149.013422
32 74 51.419841
32 75 146.109548
32 76 184.067922
32 77 197.253644
32 78 45.310043
32 79 70.292247
32 80 169.849934
32 81 213.337760
32 82 153.394915
32 83 115.277925
32 84 140.730238
32 85 146.986394
32 86 104.651804
32 87 248.557840
32 88 67.475922
32 89 156.486421
32 90 85.158675
32 91 190.591186
32 92 89.738509
32 93 102.625533
32 94 113.251932
32 95 105.759160
32 96 92.612094
32 97 93.941471
32 98 188.170136
32 99 60.000000
33 34 188.345427
33 35 67.082039
33 36 68.264193
33 37 97.169954
33 38 90.686272
33 39 76.902536
33 40 154.042202
33 41 66.037868
33 42 87.200917
33 43 173.112680
33 44 188.743212
33 45 42.449971
33 46 78.000000
33 47 127.800626
33 48 170.988304
33 49 103.247276
33 50 176.980225
33 51 63.906181
33 52 133.689940
33 53 56.000000
33 54 62.513998
33 55 101.980390
33 56 121.016528
33 57 92.282176
33 58 49.040799
33 59 137.884009
33 60 95.519631
33 61 141.354165
33 62 137.295302
33 63 62.609903
33 64 93.048375
33 65 91.219515
33 66 144.156165
33 67 35.355339
33 68 106.677083
33 69 155.322246
33 70 35.171011
33 71 37.589892
33 72 20.024984
33 73 34.481879
33 74 122.319254
33 75 117.720007
33 76 13.453624
33 77 198.436388
33 78 172.467388
33 79 109.384642
33 80 58.523500
33 81 125.239770
33 82 142.393820
33 83 71.028163
33 84 41.629317
33 85 40.162171
33 86 77.317527
33 87 91.547802
33 88 143.683680
33 89 33.615473
33 90 116.249731
33 91 45.705580
33 92 87.045965
33 93 95.131488
33 94 58.137767
33 95 128.891427
33 96 79.075913
33 97 77.414469
33 98 96.384646
33 99 119.641130
34 35 166.715326
34 36 128.693434
34 37 275.775271
34 38 199.123078
34 39 147.566934
34 40 82.054860
34 41 173.104015
34 42 180.294204
34 43 23.537205
34 44 29.154759
34 45 158.404545
34 46 157.689568
34 47 191.481070
34 48 20.124612
34 49 89.319651
34 50 26.832816
34 51 243.347488
34 52 185.064853
34 53 224.931101
34 54 153.733536
34 55 192.005208
34 56 133.540256
34 57 112.294256
34 58 218.506293
34 59 165.559657
34 60 271.621060
34 61 153.443801
34 62 99.639350
34 63 136.857590
34 64 123.628476
34 65 193.238195
34 66 78.262379
34 67 153.701008
34 68 106.892469
34 69 37.483330
34 70 202.970441
34 71 208.002404
34 72 171.642069
34 73 155.862119
34 74 184.097800
34 75 72.138755
34 76 190.538710
34 77 10.816654
34 78 146.577624
34 79 142.677959
34 80 236.966242
34 81 97.082439
34 82 48.270074
34 83 134.465609
34 84 200.172426
34 85 150.083310
34 86 138.130373
34 87 190.276115
34 88 121.593585
34 89 154.841855
34 90 220.336107
34 91 159.539964
34 92 189.306630
34 93 118.338498
34 94 168.220094
34 95 89.493016
34 96 173.046237
34 97 168.240899
34 98 274.372010
34 99 145.602198
35 36 91.214034
35 37 115.247560
35 38 38.000000
35 39 19.849433
35 40 107.186753
35 41 6.403124
35 42 24.166092
35 43 159.210552
35 44 156.984076
35 45 86.267027
35 46 123.547562
35 47 63.031738
35 48 146.823023
35 49 104.690019
35 50 165.051507
35 51 87.315520
35 52 67.475922
35 53 65.391131
35 54 105.678759
35 55 41.231056
35 56 153.769308
35 57 110.887330
35 58 61.032778
35 59 70.936591
35 60 109.836242
35 61 75.504967
35 62 86.313383
35 63 91.760558
35 64 120.074977
35 65 34.365681
35 66 100.801786
35 67 65.192024
35 68 62.289646
35 69 143.265488
35 70 51.156622
35 71 104.656581
35 72 50.606324
35 73 48.259714
35 74 56.586217
35 75 97.046381
35 76 79.755878
35 77 177.530279
35 78 108.374351
35 79 46.097722
35 80 81.271151
35 81 141.014184
35 82 118.726577
35 83 33.837849
35 84 43.737855
35 85 48.301139
35 86 28.600699
35 87 148.529458
35 88 84.528102
35 89 56.302753
35 90 65.375837
35 91 91.263355
35 92 29.274562
35 93 49.497475
35 94 8.944272
35 95 84.811556
35 96 13.892444
35 97 10.630146
35 98 113.534136
35 99 55.081757
36 37 165.027270
36 38 128.265350
36 39 84.534017
36 40 120.602653
36 41 95.126232
36 42 115.134704
36 43 110.145359
36 44 136.132289
36 45 30.232433
36 46 41.182521
36 47 150.269757
36 48 114.284732
36 49 39.395431
36 50 112.898184
36 51 131.483839
36 52 151.449662
36 53 119.549153
36 54 28.284271
36 55 132.196823
36 56 62.585941
36 57 24.166092
36 58 112.271991
36 59 145.244621
36 60 162.874185
36 61 142.172431
36 62 112.258630
36 63 8.246211
36 64 29.154759
36 65 125.399362
36 66 108.669223
36 67 34.785054
36 68 83.761566
36 69 92.590496
36 70 95.880134
36 71 79.755878
36 72 59.203040
36 73 48.093659
36 74 142.667445
36 75 67.007462
36 76 65.795137
36 77 137.800581
36 78 163.807814
36 79 110.113578
36 80 125.717938
36 81 57.384667
36 82 88.814413
36 83 66.037868
36 84 97.862148
36 85 45.044423
36 86 76.850504
36 87 75.026662
36 88 128.968989
36 89 41.593269
36 90 156.108936
36 91 30.870698
36 92 120.303782
36 93 79.309520
36 94 85.510233
36 95 97.862148
36 96 104.694795
36 97 100.244701
36 98 164.127999
36 99 120.507261
37 38 101.202767
37 39 134.833230
37 40 222.434260
37 41 109.274883
37 42 115.108644
37 43 263.897707
37 44 270.040738
37 45 139.283883
37 46 171.493440
37 47 141.509717
37 48 256.727482
37 49 197.205477
37 50 268.633579
37 51 33.615473
37 52 151.845316
37 53 51.088159
37 54 158.145503
37 55 116.901668
37 56 216.760236
37 57 189.171880
37 58 57.280014
37 59 168.267644
37 60 7.071068
37 61 178.507703
37 62 201.444782
37 63 159.731024
37 64 190.157829
37 65 106.962610
37 66 215.779981
37 67 130.736376
37 68 176.708800
37 69 246.473122
37 70 73.000000
37 71 107.168092
37 72 107.615055
37 73 122.413235
37 74 141.421356
37 75 203.666394
37 76 103.445638
37 77 286.400070
37 78 212.953046
37 79 157.699081
37 80 39.661064
37 81 222.281353
37 82 227.705951
37 83 142.762040
37 84 75.742986
37 85 127.800626
37 86 142.056327
37 87 174.071824
37 88 196.847657
37 89 125.936492
37 90 106.169676
37 91 142.003521
37 92 107.280007
37 93 163.682620
37 94 110.679718
37 95 199.692263
37 96 115.952577
37 97 118.966382
37 98 2.000000
37 99 163.865799
38 39 53.160135
38 40 130.816666
38 41 33.241540
38 42 18.867962
38 43 193.865933
38 44 186.010752
38 45 119.507322
38 46 157.848028
38 47 42.953463
38 48 179.011173
38 49 142.506140
38 50 200.024998
38 51 82.389320
38 52 52.239832
38 53 61.188234
38 54 140.014285
38 55 16.000000
38 56 190.821906
38 57 148.660687
38 58 61.032778
38 59 67.082039
38 60 94.593869
38 61 77.491935
38 62 108.894444
38 63 128.062485
38 64 157.334040
38 65 6.403124
38 66 127.141653
38 67 99.368003
38 68 92.282176
38 69 178.675684
38 70 61.294372
38 71 126.668860
38 72 79.755878
38 73 82.540899
38 74 41.012193
38 75 132.189258
38 76 104.139330
38 77 209.897594
38 78 111.825757
38 79 61.619802
38 80 77.929455
38 81 179.011173
38 82 152.118375
38 83 70.859015
38 84 52.430907
38 85 83.934498
38 86 63.324561
38 87 179.568928
38 88 99.020200
38 89 90.476516
38 90 27.892651
38 91 124.390514
38 92 9.848858
38 93 80.956779
38 94 42.755117
38 95 112.200713
38 96 26.925824
38 97 32.015621
38 98 99.247166
38 99 65.192024
39 40 87.709749
39 41 26.172505
39 42 35.355339
39 43 141.031911
39 44 137.207871
39 45 86.371292
39 46 121.037184
39 47 65.795137
39 48 127.581347
39 49 91.049437
39 50 147.078210
39 51 106.103723
39 52 67.119297
39 53 84.534017
39 54 103.585713
39 55 51.009803
39 56 145.962324
39 57 101.242284
39 58 79.705709
39 59 64.202804
39 60 129.529919
39 61 65.306967
39 62 67.230945
39 63 86.821656
39 64 112.160599
39 65 48.052055
39 66 81.024688
39 67 65.299311
39 68 42.449971
39 69 125.590605
39 70 68.154237
39 71 113.529732
39 72 57.870545
39 73 49.929951
39 74 58.137767
39 75 79.120162
39 76 88.232647
39 77 158.382449
39 78 95.566731
39 79 32.572995
39 80 99.924972
39 81 129.123971
39 82 99.849887
39 83 19.416488
39 84 61.684682
39 85 47.634021
39 86 10.198039
39 87 149.281613
39 88 68.066144
39 89 57.201399
39 90 78.409183
39 91 91.285267
39 92 43.416587
39 93 29.732137
39 94 24.698178
39 95 65.000000
39 96 26.248809
39 97 21.189620
39 98 133.146536
39 99 43.081318
40 41 113.207774
40 42 112.485555
40 43 89.269256
40 44 59.774577
40 45 141.904898
40 46 160.975153
40 47 113.595775
40 48 64.280635
40 49 93.813645
40 50 96.317184
40 51 193.651749
40 52 105.848949
40 53 172.235304
40 54 148.677503
40 55 120.104121
40 56 160.424437
40 57 119.419429
40 58 167.260276
40 59 85.070559
40 60 216.981566
40 61 72.277244
40 62 21.931712
40 63 127.816274
40 64 134.182711
40 65 124.458829
40 66 12.083046
40 67 127.000000
40 68 47.801674
40 69 83.258633
40 70 154.693245
40 71 185.132385
40 72 134.164079
40 73 119.941652
40 74 106.943911
40 75 58.523500
40 76 161.697248
40 77 91.443972
40 78 65.969690
40 79 69.426220
40 80 187.408644
40 81 127.404866
40 82 53.000000
40 83 84.202138
40 84 148.976508
40 85 114.629839
40 86 81.541401
40 87 195.437970
40 88 40.024992
40 89 123.259888
40 90 147.054412
40 91 145.382255
40 92 121.655251
40 93 60.406953
40 94 112.254176
40 95 25.179357
40 96 108.231234
40 97 104.403065
40 98 220.719279
40 99 68.796802
41 42 22.022716
41 43 165.484138
41 44 163.355441
41 45 88.323270
41 46 126.115027
41 47 62.289646
41 48 153.218798
41 49 110.168053
41 50 171.292148
41 51 81.908486
41 52 67.675697
41 53 59.808026
41 54 108.226614
41 55 38.587563
41 56 157.708592
41 57 115.433964
41 58 55.785303
41 59 73.082146
41 60 103.773792
41 61 78.638413
41 62 92.179173
41 63 95.210294
41 64 124.149104
41 65 30.364453
41 66 107.004673
41 67 67.535176
41 68 68.622154
41 69 149.465715
41 70 47.010637
41 71 103.585713
41 72 50.911688
41 73 50.537115
41 74 56.400355
41 75 103.310212
41 76 79.056942
41 77 183.918460
41 78 112.071406
41 79 50.635956
41 80 75.960516
41 81 146.013698
41 82 125.095963
41 83 39.924930
41 84 39.115214
41 85 51.264022
41 86 35.000000
41 87 150.000000
41 88 89.498603
41 89 58.591808
41 90 61.000000
41 91 93.295230
41 92 25.298221
41 93 55.865911
41 94 9.848858
41 95 91.049437
41 96 13.038405
41 97 12.165525
41 98 107.540690
41 99 59.033889
42 43 175.328264
42 44 167.200478
42 45 110.136279
42 46 147.648231
42 47 40.607881
42 48 160.178026
42 49 126.015872
42 50 181.554400
42 51 92.347171
42 52 46.957428
42 53 70.114193
42 54 129.769026
42 55 17.088007
42 56 177.609121
42 57 134.164079
42 58 68.066144
42 59 56.142675
42 60 108.848519
42 61 64.381674
42 62 90.609050
42 63 115.879247
42 64 143.840189
42 65 13.000000
42 66 108.466585
42 67 89.185201
42 68 73.430239
42 69 160.352736
42 70 63.600314
42 71 124.535136
42 72 72.862885
42 73 72.201108
42 74 35.355339
42 75 113.885908
42 76 100.424101
42 77 191.062817
42 78 98.858485
42 79 43.829214
42 80 87.091905
42 81 163.441121
42 82 133.416641
42 83 54.009258
42 84 54.817880
42 85 72.449983
42 86 45.541190
42 87 172.002907
42 88 82.298238
42 89 80.262071
42 90 43.104524
42 91 115.121675
42 92 9.219544
42 93 62.241465
42 94 31.622777
42 95 93.407708
42 96 10.440307
42 97 15.132746
42 98 113.216607
42 99 48.846699
43 44 48.414874
43 45 140.292551
43 46 136.308474
43 47 191.366141
43 48 26.925824
43 49 71.021124
43 50 7.071068
43 51 230.867928
43 52 186.077941
43 53 213.653926
43 54 133.701159
43 55 188.509947
43 56 110.222502
43 57 91.760558
43 58 206.932356
43 59 168.107109
43 60 260.192237
43 61 157.012738
43 62 103.121288
43 63 118.118584
43 64 102.107786
43 65 188.321534
43 66 82.492424
43 67 137.905765
43 68 103.324731
43 69 17.804494
43 70 190.905736
43 71 189.897341
43 72 157.686398
43 73 142.144293
43 74 183.635509
43 75 62.177166
43 76 174.025860
43 77 29.274562
43 78 155.232084
43 79 141.410749
43 80 224.555116
43 81 74.006756
43 82 42.755117
43 83 125.781557
43 84 189.010582
43 85 136.517398
43 86 131.095385
43 87 168.181450
43 88 126.479247
43 89 140.121376
43 90 216.965435
43 91 140.943251
43 92 184.024455
43 93 113.216607
43 94 159.511755
43 95 90.138782
43 96 167.155616
43 97 162.163498
43 98 262.606169
43 99 145.993151
44 45 164.201096
44 46 170.047052
44 47 172.930622
44 48 25.000000
44 49 98.325988
44 50 53.758720
44 51 238.805360
44 52 165.496224
44 53 218.961184
44 54 163.229899
44 55 177.019773
44 56 152.554908
44 57 124.016128
44 58 213.037555
44 59 144.844744
44 60 265.307369
44 61 132.003788
44 62 80.112421
44 63 144.360659
44 64 137.091211
44 65 179.836036
44 66 59.539903
44 67 155.801155
44 68 94.847246
44 69 55.362442
44 70 198.436388
44 71 212.849712
44 72 170.472872
44 73 154.767568
44 74 166.018071
44 75 71.512237
44 76 192.937814
44 77 35.171011
44 78 121.016528
44 79 126.400158
44 80 232.406971
44 81 115.693561
44 82 47.539457
44 83 127.283149
44 84 194.445365
44 85 148.946299
44 86 128.724512
44 87 204.022058
44 88 99.724621
44 89 155.261070
44 90 204.787695
44 91 166.171598
44 92 176.400113
44 93 107.489534
44 94 159.962496
44 95 73.817342
44 96 161.198635
44 97 156.732256
44 98 268.495810
44 99 127.475488
45 46 38.600518
45 47 149.013422
45 48 143.279447
45 49 69.354164
45 50 143.122325
45 51 106.254412
45 52 152.305614
45 53 97.621719
45 54 21.213203
45 55 126.909417
45 56 78.771822
45 57 52.402290
45 58 90.448881
45 59 150.446004
45 60 137.876757
45 61 150.083310
45 62 130.000000
45 63 22.671568
45 64 50.990195
45 65 118.072012
45 66 130.464555
45 67 21.260292
45 68 99.327740
45 69 122.674366
45 70 75.026662
45 71 49.648766
45 72 41.000000
45 73 38.013156
45 74 142.126704
45 75 93.380940
45 76 36.891733
45 77 167.705098
45 78 176.207264
45 79 116.828935
45 80 100.960388
45 81 84.314886
45 82 116.661905
45 83 71.561163
45 84 79.227520
45 85 38.897301
45 86 81.608823
45 87 62.936476
45 88 143.000000
45 89 30.000000
45 90 147.078210
45 91 5.000000
45 92 113.176853
45 93 91.389277
45 94 78.549348
45 95 117.545736
45 96 100.124922
45 97 96.607453
45 98 138.578498
45 99 127.640119
46 47 185.550532
46 48 146.413797
46 49 72.111026
46 50 137.266165
46 51 139.742621
46 52 188.002660
46 53 134.000000
46 54 17.888544
46 55 164.596476
46 56 46.529560
46 57 46.043458
46 58 127.015747
46 59 183.934771
46 60 171.020467
46 61 181.892826
46 62 153.394915
46 63 35.608988
46 64 34.205263
46 65 156.169779
46 66 148.946299
46 67 58.600341
46 68 124.867930
46 69 120.220631
46 70 112.361025
46 71 68.476273
46 72 79.555012
46 73 75.584390
46 74 178.353581
46 75 105.118980
46 76 68.593003
46 77 165.423698
46 78 204.726647
46 79 149.201206
46 80 135.074054
46 81 66.730802
46 82 124.257797
46 83 104.004808
46 84 117.239072
46 85 75.292762
46 86 114.690889
46 87 34.713110
46 88 170.038231
46 89 67.542579
46 90 185.520888
46 91 33.955854
46 92 151.211772
46 93 119.808180
46 94 116.275535
46 95 138.798415
46 96 137.437258
46 97 133.600150
46 98 171.049700
46 99 159.831161
47 48 171.732350
47 49 153.951291
47 50 198.133793
47 51 125.159898
47 52 10.770330
47 53 104.139330
47 54 167.800477
47 55 27.513633
47 56 211.697898
47 57 166.688332
47 58 103.846040
47 59 31.890437
47 60 134.629120
47 61 45.254834
47 62 92.849340
47 63 152.200526
47 64 177.924141
47 65 39.217343
47 66 113.885908
47 67 127.800626
47 68 89.089842
47 69 178.717654
47 70 102.459748
47 71 165.075740
47 72 113.172435
47 73 111.040533
47 74 8.062258
47 75 134.003731
47 76 141.031911
47 77 201.816749
47 78 76.157731
47 79 50.159745
47 80 120.838736
47 81 193.080294
47 82 148.637142
47 83 84.864598
47 84 93.520051
47 85 110.435502
47 86 74.330344
47 87 211.518321
47 88 75.166482
47 89 119.016806
47 90 39.357337
47 91 154.012986
47 92 42.047592
47 93 82.298238
47 94 71.421285
47 95 102.107786
47 96 49.497475
47 97 52.497619
47 98 139.517024
47 99 45.880279
48 49 75.504967
48 50 33.541020
48 51 224.555116
48 52 165.529454
48 53 205.769288
48 54 140.616500
48 55 171.898226
48 56 127.577427
48 57 100.404183
48 58 199.449242
48 59 146.372812
48 60 252.438111
48 61 134.536240
48 62 80.504658
48 63 122.527548
48 64 113.017698
48 65 173.118457
48 66 59.211485
48 67 136.883162
48 68 86.769810
48 69 30.463092
48 70 184.114095
48 71 192.566872
48 72 153.687996
48 73 137.876757
48 74 164.283292
48 75 53.600373
48 76 173.971262
48 77 30.886890
48 78 129.876865
48 79 122.702893
48 80 218.160491
48 81 90.708324
48 82 29.068884
48 83 114.865138
48 84 181.024860
48 85 132.060592
48 86 118.224363
48 87 180.044439
48 88 103.043680
48 89 137.379038
48 90 200.242353
48 91 144.844744
48 92 169.198109
48 93 98.270036
48 94 148.529458
48 95 69.641941
48 96 152.977122
48 97 148.189068
48 98 255.290031
48 99 125.876924
49 50 74.202426
49 51 163.682620
49 52 152.345003
49 53 148.606864
49 54 65.115282
49 55 142.056327
49 56 67.268120
49 57 26.683328
49 58 141.523850
49 59 140.769315
49 60 194.195778
49 61 134.182711
49 62 91.923882
49 63 47.539457
49 64 41.109610
49 65 138.177422
49 66 81.835200
49 67 67.896981
49 68 70.710678
49 69 53.338541
49 70 125.031996
49 71 119.000000
49 72 89.627005
49 73 74.946648
49 74 145.910932
49 75 35.355339
49 76 103.232747
49 77 98.412398
49 78 148.273396
49 79 106.569226
49 80 157.546818
49 81 39.560081
49 82 52.153619
49 83 72.006944
49 84 124.775799
49 85 69.835521
49 86 81.154174
49 87 106.569226
49 88 113.070774
49 89 71.400280
49 90 169.073948
49 91 70.263789
49 92 133.240384
49 93 72.732386
49 94 101.980390
49 95 75.690158
49 96 116.107709
49 97 111.072049
49 98 196.086716
49 99 115.316955
50 51 235.478237
50 52 192.937814
50 53 218.600091
50 54 135.565482
50 55 194.920497
50 56 109.000000
50 57 93.520051
50 58 211.813597
50 59 175.071414
50 60 265.047166
50 61 164.027437
50 62 110.163515
50 63 120.739389
50 64 103.092192
50 65 194.537914
50 66 89.560036
50 67 141.675686
50 68 109.881755
50 69 22.203603
50 70 195.685973
50 71 192.605815
50 72 162.003086
50 73 146.577624
50 74 190.378570
50 75 68.029405
50 76 177.428859
50 77 30.149627
50 78 162.274459
50 79 148.124947
50 80 229.192059
50 81 73.437048
50 82 49.497475
50 83 131.487642
50 84 194.023194
50 85 141.014184
50 86 137.083916
50 87 168.466614
50 88 133.540256
50 89 144.249783
50 90 223.365172
50 91 143.544418
50 92 190.192008
50 93 119.549153
50 94 165.124196
50 95 97.082439
50 96 173.254149
50 97 168.240899
50 98 267.372399
50 99 152.839785
51 52 134.629120
51 53 22.360680
51 54 125.634390
51 55 98.325988
51 56 184.328511
51 57 155.640612
51 58 26.400758
51 59 148.054044
51 60 31.622777
51 61 156.719495
51 62 173.326282
51 63 126.317061
51 64 156.952222
51 65 87.091905
51 66 186.196133
51 67 97.128780
51 68 146.860478
51 69 213.356509
51 70 40.459857
51 71 78.771822
51 72 74.060786
51 73 89.022469
51 74 123.328829
51 75 171.213317
51 76 71.196910
51 77 253.899586
51 78 191.157004
51 79 132.185476
51 80 6.403124
51 81 188.788241
51 82 195.489130
51 83 111.772090
51 84 44.777226
51 85 94.493386
51 86 112.294256
51 87 145.495704
51 88 171.292148
51 89 92.357999
51 90 95.634722
51 91 109.201648
51 92 86.005814
51 93 133.843192
51 94 81.437092
51 95 170.073514
51 96 90.801982
51 97 92.892411
51 98 32.649655
51 99 139.635239
52 53 113.282832
52 54 170.414201
52 55 36.345564
52 56 212.047165
52 57 166.628329
52 58 112.587744
52 59 22.022716
52 60 145.000000
52 61 35.608988
52 62 85.726309
52 63 153.938299
52 64 178.440466
52 65 47.853944
52 66 107.004673
52 67 131.045794
52 68 85.211502
52 69 174.103418
52 70 110.136279
52 71 171.189953
52 72 118.067777
52 73 114.586212
52 74 11.704700
52 75 130.311166
52 76 146.731046
52 77 195.248560
52 78 65.513357
52 79 46.389654
52 80 130.115333
52 81 191.760267
52 82 143.502613
52 83 85.475143
52 84 101.242284
52 85 113.454837
52 86 74.706091
52 87 215.127869
52 88 66.648331
52 89 122.429572
52 90 50.089919
52 91 157.289542
52 92 50.000000
52 93 79.831072
52 94 76.216796
52 95 96.176920
52 96 54.644304
52 97 56.850682
52 98 149.856598
52 99 40.112342
53 54 118.270876
53 55 76.941536
53 56 176.377436
53 57 143.568799
53 58 7.280110
53 59 126.000000
53 60 46.690470
53 61 134.450734
53 62 151.637726
53 63 115.446958
53 64 146.758305
53 65 65.490457
53 66 165.157501
53 67 84.770278
53 68 125.936492
53 69 196.400102
53 70 23.769729
53 71 81.024688
53 72 60.406953
53 73 73.790243
53 74 101.833197
53 75 152.898659
53 76 66.610810
53 77 235.594991
53 78 168.857928
53 79 109.895405
53 80 17.000000
53 81 176.785180
53 82 176.782352
53 83 91.678787
53 84 24.758837
53 85 78.771822
53 86 91.268834
53 87 145.041373
53 88 149.040263
53 89 78.549348
53 90 77.524190
53 91 101.316336
53 92 64.070274
53 93 112.898184
53 94 60.033324
53 95 149.040263
53 96 68.447060
53 97 70.604532
53 98 49.578221
53 99 117.277449
54 55 146.710599
54 56 58.694122
54 57 42.047592
54 58 111.162044
54 59 166.877200
54 60 157.175062
54 61 165.302753
54 62 139.463257
54 63 20.880613
54 64 35.355339
54 65 138.293167
54 66 136.795468
54 67 40.718546
54 68 110.018180
54 69 116.709040
54 70 96.005208
54 71 60.141500
54 72 62.169124
54 73 57.697487
54 74 160.654910
54 75 95.131488
54 76 54.708317
54 77 162.249807
54 78 189.211522
54 79 132.382023
54 80 120.619236
54 81 70.007142
54 82 116.275535
54 83 87.000000
54 84 100.404183
54 85 57.454330
54 86 97.580736
54 87 47.885280
54 88 154.922561
54 89 49.658836
54 90 167.720005
54 91 17.000000
54 92 133.330417
54 93 104.009615
54 94 98.386991
54 95 125.542821
54 96 119.570063
54 97 115.762688
54 98 157.562686
54 99 143.087386
55 56 194.640695
55 57 151.009933
55 58 76.400262
55 59 51.419841
55 60 110.217966
55 61 62.393910
55 62 98.234414
55 63 132.966161
55 64 160.853971
55 65 11.704700
55 66 117.596769
55 67 106.066017
55 68 85.440037
55 69 174.140748
55 70 75.133215
55 71 138.841636
55 72 88.865066
55 73 89.067390
55 74 25.019992
55 75 127.882759
55 76 115.364639
55 77 202.684484
55 78 96.462428
55 79 50.803543
55 80 93.770998
55 81 179.902752
55 82 146.109548
55 83 70.178344
55 84 66.189123
55 85 89.470666
55 86 61.008196
55 87 188.438319
55 88 86.052310
55 89 97.128780
55 90 28.460499
55 91 131.882523
55 92 15.000000
55 93 75.432089
55 94 48.373546
55 95 103.445638
55 96 27.513633
55 97 32.015621
55 98 114.934764
55 99 52.402290
56 57 45.793013
56 58 169.186288
56 59 203.570627
56 60 215.863383
56 61 198.595065
56 62 159.138305
56 63 63.285069
56 64 33.837849
56 65 187.984042
56 66 148.600135
56 67 94.047860
56 68 136.033084
56 69 97.672924
56 70 153.551294
56 71 115.004348
56 72 118.016948
56 73 109.553640
56 74 203.924005
56 75 102.004902
56 76 113.322549
56 77 139.032370
56 78 215.127869
56 79 168.439900
56 80 179.293056
56 81 36.878178
56 82 113.159180
56 83 126.846364
56 84 157.079598
56 85 107.200746
56 86 137.480908
56 87 65.513357
56 88 179.805450
56 89 102.239914
56 90 218.680132
56 91 75.312682
56 92 182.887944
56 93 135.369864
56 94 148.070929
56 95 142.947543
56 96 167.170572
56 97 162.640708
56 98 216.205920
56 99 178.193715
57 58 136.297469
57 59 157.784663
57 60 187.040103
57 61 152.869225
57 62 115.420969
57 63 30.000000
57 64 14.764823
57 65 145.248064
57 66 107.354553
57 67 58.872744
57 68 90.686272
57 69 75.000000
57 70 119.854078
57 71 100.424101
57 72 83.168504
57 73 71.196910
57 74 158.826950
57 75 61.465437
57 76 89.022469
57 77 120.503112
57 78 170.425937
57 79 122.674366
57 80 149.883288
57 81 33.241540
57 82 78.638413
57 83 81.908486
57 84 121.511316
57 85 67.475922
57 86 92.357999
57 87 80.156098
57 88 135.074054
57 89 65.253352
57 90 176.255496
57 91 51.662365
57 92 140.160622
57 93 89.587946
57 94 106.169676
57 95 99.624294
57 96 123.794184
57 97 119.050409
57 98 188.281704
57 99 132.400906
58 59 124.197423
58 60 53.263496
58 61 132.060592
58 62 146.931957
58 63 108.171161
58 64 139.488351
58 65 64.761099
58 66 159.881206
58 67 77.491935
58 68 120.569482
58 69 189.620674
58 70 16.552945
58 71 75.591005
58 72 53.141321
58 73 66.648331
58 74 101.000000
58 75 146.413797
58 76 60.016664
58 77 229.141877
58 78 166.300932
58 79 106.301458
58 80 20.248457
58 81 169.516961
58 82 170.425937
58 83 85.802098
58 84 18.601075
58 85 71.693793
58 86 85.959293
58 87 138.751577
58 88 145.279042
58 89 71.309186
58 90 79.630396
58 91 94.191295
58 92 62.801274
58 93 107.540690
58 94 55.036352
58 95 143.756739
58 96 65.375837
58 97 67.082039
58 98 55.865911
58 99 114.127122
59 60 161.616831
59 61 13.601471
59 62 65.924199
59 63 148.822041
59 64 170.581359
59 65 61.522354
59 66 87.298339
59 67 129.468143
59 68 70.880181
59 69 157.203690
59 70 119.050409
59 71 175.376737
59 72 120.353646
59 73 114.039467
59 74 28.178006
59 75 115.316955
59 76 150.269757
59 77 175.524927
59 78 45.310043
59 79 35.227830
59 80 143.000000
59 81 180.313616
59 82 126.015872
59 83 79.931220
59 84 110.476242
59 85 111.825757
59 86 69.296465
59 87 213.262749
59 88 45.310043
59 89 121.400165
59 90 70.724819
59 91 155.322246
59 92 62.072538
59 93 68.425142
59 94 79.849859
59 95 78.006410
59 96 60.638272
59 97 61.032778
59 98 166.306945
59 99 25.495098
60 61 171.991279
60 62 195.862196
60 63 157.848028
60 64 188.557683
60 65 100.424101
60 66 210.544532
60 67 128.351081
60 68 171.604196
60 69 242.860042
60 70 69.404611
60 71 108.004630
60 72 104.809351
60 73 119.268604
60 74 134.647688
60 75 199.584569
60 76 102.610916
60 77 282.285317
60 78 206.400097
60 79 151.700363
60 80 37.161808
60 81 220.229426
60 82 223.463644
60 83 138.105032
60 84 71.449283
60 85 124.535136
60 86 137.003650
60 87 175.011428
60 88 190.790461
60 89 123.166554
60 90 99.126182
60 91 140.801278
60 92 100.881118
60 93 158.600126
60 94 105.603030
60 95 194.486503
60 96 110.022725
60 97 113.176853
60 98 5.099020
60 99 157.664200
61 62 54.083269
61 63 146.413797
61 64 166.207701
61 65 71.568149
61 66 75.325958
61 67 129.541499
61 68 63.505905
61 69 146.874096
61 70 125.483067
61 71 178.488095
61 72 122.930875
61 73 115.004348
61 74 40.804412
61 75 106.606754
61 76 153.212271
61 77 163.248277
61 78 34.525353
61 79 33.286634
61 80 151.400132
61 81 173.528096
61 82 115.433964
61 83 78.600254
61 84 117.209215
61 85 112.160599
61 86 68.505474
61 87 212.424104
61 88 32.280025
61 89 121.938509
61 90 83.600239
61 91 154.841855
61 92 71.386273
61 93 63.411355
61 94 84.172442
61 95 67.364679
61 96 67.067131
61 97 66.483081
61 98 176.570099
61 99 22.472205
62 63 118.701306
62 64 130.000000
62 65 102.532922
62 66 21.377558
62 67 113.137085
62 68 31.144823
62 69 93.941471
62 70 135.029626
62 71 170.238069
62 72 117.273185
62 73 104.004808
62 74 85.906926
62 75 58.821765
62 76 146.003425
62 77 109.658561
62 78 57.140179
62 79 47.507894
62 80 167.155616
62 81 129.015503
62 82 62.369865
62 83 66.370174
62 84 128.875909
62 85 99.080775
62 86 62.096699
62 87 187.128298
62 88 23.769729
62 89 108.295891
62 90 125.363472
62 91 133.929086
62 92 99.764723
62 93 42.190046
62 94 91.923882
62 95 16.401219
62 96 86.608314
62 97 82.927679
62 98 199.699775
62 99 47.413078
63 64 31.400637
63 65 125.574679
63 66 115.952577
63 67 31.144823
63 68 89.554453
63 69 100.623059
63 70 91.983694
63 71 71.867934
63 72 55.578773
63 73 46.270941
63 74 144.754965
63 75 75.006666
63 76 59.033889
63 77 145.907505
63 78 169.189243
63 79 113.899078
63 80 120.702113
63 81 62.649820
63 82 97.015463
63 83 69.028979
63 84 94.641429
63 85 44.147480
63 86 79.812280
63 87 68.447060
63 88 134.629120
63 89 39.012818
63 90 155.955122
63 91 22.825424
63 92 120.503112
63 93 84.202138
63 94 85.440037
63 95 104.675690
63 96 105.475116
63 97 101.237345
63 98 158.902486
63 99 124.458829
64 65 154.353490
64 66 122.118795
64 67 62.513998
64 68 104.661359
64 69 86.145226
64 70 123.357205
64 71 95.482983
64 72 86.977008
64 73 77.000000
64 74 170.176379
64 75 76.157731
64 76 87.709749
64 77 131.244047
64 78 184.664561
64 79 135.369864
64 80 151.489274
64 81 34.655447
64 82 92.574294
64 83 93.107465
64 84 126.019840
64 85 74.168727
64 86 103.788246
64 87 67.029844
64 88 149.335193
64 89 70.114193
64 90 185.148589
64 91 48.877398
64 92 149.254816
64 93 102.800778
64 94 114.586212
64 95 114.284732
64 96 133.405397
64 97 128.844868
64 98 189.409609
64 99 145.340978
65 66 120.880106
65 67 97.575612
65 68 86.353923
65 69 173.303203
65 70 63.529521
65 71 127.781063
65 72 79.056942
65 73 80.622577
65 74 36.345564
65 75 126.826653
65 76 104.651804
65 77 204.000000
65 78 105.990566
65 79 55.226805
65 80 82.389320
65 81 175.139944
65 82 146.413797
65 83 66.272166
65 84 54.589376
65 85 81.596569
65 86 58.249464
65 87 178.891028
65 88 92.649879
65 89 88.639720
65 90 31.064449
65 91 123.004065
65 92 5.099020
65 93 75.239617
65 94 40.162171
65 95 106.018866
65 96 22.090722
65 97 27.166155
65 98 105.019046
65 99 58.830264
66 67 116.107709
66 68 39.357337
66 69 74.632433
66 70 146.696967
66 71 174.413302
66 72 124.426685
66 73 109.836242
66 74 106.775465
66 75 46.615448
66 76 151.327460
66 77 88.294960
66 78 74.094534
66 79 66.887966
66 80 179.888855
66 81 115.974135
66 82 43.462628
66 83 75.392307
66 84 141.421356
66 85 104.393486
66 86 73.925638
66 87 183.439363
66 88 44.045431
66 89 112.751940
66 90 145.261833
66 91 133.843192
66 92 117.686023
66 93 52.354560
66 94 105.152271
66 95 16.124515
66 96 103.247276
66 97 99.085821
66 98 214.114455
66 99 68.154237
67 68 82.036577
67 69 120.104121
67 70 61.131007
67 71 58.420887
67 72 24.515301
67 73 17.000000
67 74 120.880106
67 75 84.308956
67 76 37.161808
67 77 163.636793
67 78 156.668440
67 79 96.254870
67 80 91.241438
67 81 92.114060
67 82 108.747414
67 83 51.429563
67 84 63.505905
67 85 17.691806
67 86 61.057350
67 87 84.148678
67 88 124.277914
67 89 8.944272
67 90 127.137721
67 91 26.248809
67 92 92.612094
67 93 72.801099
67 94 57.706152
67 95 102.044108
67 96 79.075913
67 97 75.451971
67 98 129.769026
67 99 107.070071
68 69 89.805345
68 70 107.354553
68 71 139.129436
68 72 86.700634
68 73 73.027392
68 74 81.154174
68 75 45.099889
68 76 115.017390
68 77 117.647779
68 78 80.280757
68 79 39.000000
68 80 140.545366
68 81 110.022725
68 82 60.728906
68 83 36.400549
68 84 102.083299
68 85 68.007353
68 86 34.669872
68 87 157.889202
68 88 45.221676
68 89 77.162167
68 90 113.885908
68 91 103.406963
68 92 82.492424
68 93 13.038405
68 94 66.030296
68 95 23.259407
68 96 66.610810
68 97 62.008064
68 98 175.071414
68 99 45.891176
69 70 173.510807
69 71 172.307864
69 72 140.014285
69 73 124.523090
69 74 170.847886
69 75 46.486557
69 76 156.236999
69 77 45.541190
69 78 148.660687
69 79 128.561269
69 80 207.060378
69 81 60.827625
69 82 31.575307
69 83 109.590146
69 84 171.819673
69 85 118.928550
69 86 115.520561
69 87 152.839785
69 88 117.686023
69 89 122.380554
69 90 202.526541
69 91 123.434193
69 92 168.866811
69 93 98.716767
69 94 143.125819
69 95 79.511006
69 96 151.822265
69 97 146.778745
69 98 245.203997
69 99 134.033578
70 71 66.843100
70 72 36.687873
70 73 50.119856
70 74 98.432718
70 75 130.831953
70 76 47.539457
70 77 213.550931
70 78 159.078597
70 79 97.252249
70 80 34.058773
70 81 153.055545
70 82 155.051604
70 83 71.693793
70 84 8.944272
70 85 55.226805
70 86 73.164199
70 87 126.530629
70 88 135.484316
70 89 54.781384
70 90 84.172442
70 91 79.006329
70 92 60.415230
70 93 94.429868
70 94 43.737855
70 95 130.613935
70 96 58.549125
70 97 59.076222
70 98 71.700767
70 99 106.004717
71 72 55.659680
71 73 66.483081
71 74 159.765453
71 75 141.481448
71 76 25.298221
71 77 217.347648
71 78 208.925824
71 79 146.102704
71 80 75.709973
71 81 130.115333
71 82 165.387424
71 83 105.223572
71 84 75.073298
71 85 71.175839
71 86 112.805142
71 87 67.007462
71 88 178.885438
71 89 62.008064
71 90 150.894003
71 91 49.091751
71 92 123.846679
71 93 128.658463
71 94 95.713113
71 95 160.049992
71 96 116.619038
71 97 115.004348
71 98 107.074740
71 99 156.540730
72 73 15.811388
72 74 107.056060
72 75 100.124922
72 76 30.364453
72 77 181.950543
72 78 153.310143
72 79 90.443352
72 80 67.955868
72 81 116.378692
72 82 124.807852
72 83 51.009803
72 84 39.115214
72 85 21.633308
72 86 57.558666
72 87 99.859902
72 88 123.911259
72 89 18.357560
72 90 106.887792
72 91 45.607017
72 92 74.404301
72 93 75.106591
72 94 41.868843
72 95 109.041277
72 96 63.702433
72 97 61.220911
72 98 106.531685
72 99 100.900942
73 74 104.235311
73 75 84.314886
73 76 42.000000
73 77 166.192659
73 78 143.617548
73 79 81.841310
73 80 82.800966
73 81 104.048066
73 82 109.000000
73 83 38.832976
73 84 50.596443
73 85 5.830952
73 86 47.169906
73 87 100.568385
73 88 112.587744
73 89 8.062258
73 90 110.367568
73 91 43.011626
73 92 75.643903
73 93 62.201286
73 94 40.706265
73 95 94.762862
73 96 62.128898
73 97 58.600341
73 98 121.247680
73 99 92.590496
74 75 126.015872
74 76 135.428948
74 77 194.486503
74 78 73.409809
74 79 42.296572
74 80 118.713942
74 81 185.064853
74 82 140.890028
74 83 77.077883
74 84 89.537702
74 85 103.406963
74 86 66.483081
74 87 204.795019
74 88 69.202601
74 89 112.160599
74 90 42.801869
74 91 147.122398
74 92 38.327536
74 93 74.242845
74 94 65.192024
74 95 94.641429
74 96 43.416587
74 97 45.967380
74 98 139.441744
74 99 38.626416
75 76 121.461928
75 77 82.734515
75 78 115.935327
75 79 84.053554
75 80 164.830216
75 81 70.292247
75 82 24.698178
75 83 63.631753
75 84 128.144450
75 85 78.492038
75 86 69.079664
75 87 139.832042
75 88 81.492331
75 89 84.118963
75 90 156.204994
75 91 95.754895
75 92 122.380554
75 93 52.611786
75 94 97.416631
75 95 42.438190
75 96 105.342299
75 97 100.304536
75 98 202.277038
75 99 90.796476
76 77 200.339711
76 78 183.657290
76 79 120.805629
76 80 66.483081
76 81 121.202310
76 82 145.907505
76 83 80.399005
76 84 54.589376
76 85 47.095647
76 86 87.664132
76 87 79.056942
76 88 153.883072
76 89 38.639358
76 90 129.618671
76 91 38.910153
76 92 100.448992
76 93 104.120123
76 94 70.830784
76 95 136.528385
76 96 92.086915
76 97 90.210864
76 98 102.883429
76 99 131.244047
77 78 155.157984
77 79 153.212271
77 80 247.523736
77 81 103.121288
77 82 59.033889
77 83 145.244621
77 84 210.836429
77 85 160.430670
77 86 148.946299
77 87 197.448728
77 88 131.240238
77 89 165.000000
77 90 230.991342
77 91 168.671278
77 92 200.084982
77 93 129.139460
77 94 179.011173
77 95 99.959992
77 96 183.847763
77 97 179.047480
77 98 285.007017
77 99 155.939091
78 79 63.150614
78 80 185.779439
78 81 186.010752
78 82 117.545736
78 83 105.309069
78 84 151.003311
78 85 140.014285
78 86 96.462428
78 87 237.023206
78 88 35.355339
78 89 149.856598
78 90 115.485930
78 91 180.709712
78 92 105.905618
78 93 85.234969
78 94 116.726175
78 95 73.498299
78 96 101.044545
78 97 100.019998
78 98 211.009478
78 99 53.338541
79 80 126.372465
79 81 146.109548
79 82 98.655968
79 83 45.453273
79 84 89.677199
79 85 78.892332
79 86 35.227830
79 87 179.287479
79 88 39.217343
79 89 88.684835
79 90 78.390050
79 91 121.605921
79 92 52.801515
79 93 33.837849
79 94 54.009258
79 95 53.310412
79 96 41.785165
79 97 39.293765
79 98 155.862119
79 99 10.816654
80 81 183.068293
80 82 189.095214
80 83 105.394497
80 84 38.470768
80 85 88.238314
80 86 106.004717
80 87 142.021125
80 88 165.420676
80 89 86.284413
80 90 92.612094
80 91 104.048066
80 92 81.055537
80 93 127.534309
80 94 75.239617
80 95 163.768129
80 96 85.158675
80 97 87.097646
80 98 38.587563
80 99 133.988806
81 82 77.698134
81 83 109.772492
81 84 154.538021
81 85 100.019998
81 86 119.519873
81 87 95.603347
81 88 151.162165
81 89 98.371744
81 90 206.196508
81 91 82.800966
81 92 170.105849
81 93 112.271991
81 94 137.131324
81 95 112.614386
81 96 153.264477
81 97 148.337453
81 98 221.415898
81 99 154.870914
82 83 86.214848
82 84 152.029602
82 85 103.174609
82 86 90.210864
82 87 158.710428
82 88 86.122006
82 89 108.784190
82 90 174.568038
82 91 118.663389
82 92 142.270868
82 93 71.175839
82 94 120.000000
82 95 48.093659
82 96 125.670203
82 97 120.768373
82 98 226.278589
82 99 103.392456
83 84 67.201190
83 85 34.785054
83 86 10.816654
83 87 133.843192
83 88 73.756356
83 89 44.598206
83 90 97.082439
83 91 76.275815
83 92 61.400326
83 93 24.186773
83 94 33.837849
83 95 59.464275
83 96 44.181444
83 97 39.115214
83 98 141.226768
83 99 56.222771
84 85 55.154329
84 86 67.535176
84 87 133.154046
84 88 128.265350
84 89 56.293872
84 90 75.822160
84 91 83.486526
84 92 51.478151
84 93 89.067390
84 94 37.000000
84 95 125.299641
84 96 50.159745
84 97 51.009803
84 98 74.276510
84 99 98.127468
85 86 43.829214
85 87 101.823376
85 88 108.415866
85 89 9.848858
85 90 111.825757
85 91 43.863424
85 92 76.550637
85 93 57.558666
85 94 41.436699
85 95 89.453899
85 96 62.177166
85 97 58.309519
85 98 126.605687
85 99 89.693924
86 87 144.170038
86 88 66.370174
86 89 53.665631
86 90 88.566359
86 91 86.400231
86 92 53.600373
86 93 21.633308
86 94 31.400637
86 95 57.801384
86 96 36.400549
86 97 31.320920
86 98 140.427917
86 99 46.043458
87 88 202.805325
87 89 92.698436
87 90 206.400097
87 91 58.000000
87 92 174.183811
87 93 151.792622
87 94 140.417235
87 95 172.887246
87 96 162.265215
87 97 159.022011
87 98 174.025860
87 99 190.065778
88 89 118.139748
88 90 111.072049
88 91 147.329563
88 92 90.917545
88 93 51.623638
88 94 91.787799
88 95 39.395431
88 96 80.993827
88 97 78.447435
88 98 195.000000
88 99 33.837849
89 90 118.270876
89 91 35.000000
89 92 83.671979
89 93 67.082039
89 94 48.764741
89 95 98.127468
89 96 70.178344
89 97 66.610810
89 98 124.867930
89 99 99.478641
90 91 151.924323
90 92 36.124784
90 93 103.846040
90 94 70.611614
90 95 131.487642
90 96 53.000000
90 97 58.008620
90 98 104.172933
90 99 78.409183
91 92 118.118584
91 93 95.754895
91 94 83.528438
91 95 121.202310
91 96 105.118980
91 97 101.607086
91 98 141.354165
91 99 132.412235
92 93 71.112587
92 94 35.114100
92 95 102.615788
92 96 17.262677
92 97 22.360680
92 98 105.361283
92 99 57.245087
93 94 53.009433
93 95 36.235342
93 96 54.708317
93 97 49.929951
93 98 162.049375
93 99 42.941821
94 95 89.044932
94 96 21.931712
94 97 19.416488
94 98 109.041277
94 99 63.387696
95 96 87.726849
95 97 83.438600
95 98 198.032826
95 99 56.293872
96 97 5.099020
96 98 114.127122
96 99 48.836462
97 98 117.170815
97 99 47.169906
98 99 161.987654
