12
0 1 129.356098
0 2 115.663304
0 3 128.015624
0 4 160.801119
0 5 11.661904
0 6 150.602125
0 7 65.306967
0 8 109.658561
0 9 60.373835
0 10 102.693719
0 11 45.880279
1 2 159.765453
1 3 55.901699
1 4 87.235314
1 5 128.502918
1 6 175.094260
1 7 64.078077
1 8 77.781746
1 9 140.463518
1 10 167.764716
1 11 174.928557
2 3 115.108644
2 4 120.602653
2 5 104.009615
2 6 36.235342
2 7 125.063984
2 8 85.234969
2 9 56.080300
2 10 24.083189
2 11 136.033084
3 4 38.013156
3 5 122.262014
3 6 123.664870
3 7 75.239617
3 8 30.413813
3 9 113.600176
3 10 128.724512
3 11 172.351385
4 5 153.639188
4 6 117.643529
4 7 112.712022
4 8 52.000000
4 9 135.366170
4 10 139.430987
4 11 203.297811
5 6 139.014388
5 7 65.215029
5 8 101.965681
5 9 48.754487
5 10 91.181138
5 11 50.089919
6 7 151.419946
6 8 97.324200
6 9 91.934759
6 10 57.697487
6 11 172.261429
7 8 70.767224
7 9 88.022724
7 10 124.615408
7 11 110.860272
8 9 85.440037
8 10 98.310732
8 11 151.400132
9 10 42.720019
9 11 81.987804
10 11 116.674762
