11
0 1 78.160092
0 2 56.859476
0 3 34.409301
0 4 105.118980
0 5 174.942848
0 6 94.641429
0 7 104.062481
0 8 169.097605
0 9 63.031738
0 10 157.492857
1 2 49.739320
1 3 47.042534
1 4 69.921384
1 5 109.123783
1 6 50.596443
1 7 99.126182
1 8 91.241438
1 9 83.725743
1 10 91.787799
2 3 27.294688
2 4 111.503363
2 5 158.776573
2 6 93.861600
2 7 129.691943
2 8 133.375410
2 9 34.000000
2 10 103.773792
3 4 93.348808
3 5 152.121662
3 6 78.006410
3 7 105.702412
3 8 138.050715
3 9 50.249378
3 10 123.239604
4 5 80.280757
4 6 19.416488
4 7 40.607881
4 8 107.814656
4 9 142.523682
4 10 149.110697
5 6 82.000000
5 7 114.934764
5 8 63.505905
5 9 192.774480
5 10 138.538803
6 7 55.154329
6 8 97.185390
6 9 125.865007
6 10 131.244047
7 8 148.394744
7 9 155.640612
7 10 185.852092
8 9 165.060595
8 10 79.056942
9 10 124.277914
