10
0 1 206.400097
0 2 162.336071
0 3 73.246160
0 4 108.683025
0 5 99.864909
0 6 166.012048
0 7 99.924972
0 8 210.009524
0 9 108.342051
1 2 160.461833
1 3 137.003650
1 4 106.794195
1 5 124.458829
1 6 46.097722
1 7 113.216607
1 8 35.846897
1 9 163.110392
2 3 110.390217
2 4 93.150416
2 5 168.362704
2 6 156.041661
2 7 97.908120
2 8 135.074054
2 9 212.417043
3 4 35.510562
3 5 65.513357
3 6 101.828287
3 7 26.683328
3 8 137.233378
3 9 104.100913
4 5 75.927597
4 6 79.120162
4 7 9.000000
4 8 102.859127
4 9 121.696343
5 6 78.644771
5 7 70.455660
5 8 141.509717
5 9 47.169906
6 7 82.734515
6 8 69.856997
6 9 117.345643
7 8 110.981981
7 9 115.277925
8 9 184.743065
