60
0 1 92.195445
0 2 55.317267
0 3 129.243955
0 4 88.238314
0 5 76.478755
0 6 60.745370
0 7 91.241438
0 8 90.470990
0 9 52.172790
0 10 104.004808
0 11 88.543774
0 12 132.909744
0 13 37.215588
0 14 156.473640
0 15 51.400389
0 16 72.000000
0 17 107.335921
0 18 92.973114
0 19 66.610810
0 20 117.923704
0 21 132.003788
0 22 40.249224
0 23 111.413644
0 24 121.066098
0 25 81.344945
0 26 129.437243
0 27 106.831643
0 28 132.672529
0 29 90.271812
0 30 73.082146
0 31 79.075913
0 32 62.681736
0 33 102.068604
0 34 84.005952
0 35 158.028478
0 36 101.237345
0 37 149.040263
0 38 94.021274
0 39 97.529483
0 40 41.048752
0 41 135.181360
0 42 121.823643
0 43 39.293765
0 44 57.801384
0 45 104.752088
0 46 42.953463
0 47 142.425419
0 48 131.015266
0 49 91.389277
0 50 54.230987
0 51 110.548632
0 52 48.414874
0 53 130.384048
0 54 16.000000
0 55 95.189285
0 56 143.220110
0 57 28.600699
0 58 58.189346
0 59 49.406477
1 2 120.066648
1 3 188.350737
1 4 73.061618
1 5 93.407708
1 6 123.975804
1 7 159.765453
1 8 146.986394
1 9 44.384682
1 10 144.045132
1 11 150.000000
1 12 147.732867
1 13 105.190304
1 14 134.014925
1 15 138.050715
1 16 20.880613
1 17 33.955854
1 18 181.592951
1 19 149.682998
1 20 98.478424
1 21 111.646764
1 22 79.849859
1 23 47.381431
1 24 154.508899
1 25 74.303432
1 26 177.138364
1 27 56.222771
1 28 154.304893
1 29 2.236068
1 30 34.828150
1 31 43.829214
1 32 139.617334
1 33 86.683332
1 34 10.630146
1 35 222.029277
1 36 75.927597
1 37 133.734812
1 38 186.171964
1 39 165.855359
1 40 121.757957
1 41 172.284648
1 42 204.707108
1 43 54.147945
1 44 84.291162
1 45 194.805031
1 46 52.201533
1 47 101.118742
1 48 163.917662
1 49 156.473640
1 50 38.013156
1 51 24.758837
1 52 129.691943
1 53 104.172933
1 54 76.236474
1 55 45.354162
1 56 214.149481
1 57 69.871310
1 58 87.920419
1 59 56.859476
2 3 75.179785
2 4 140.064271
2 5 49.040799
2 6 111.364267
2 7 40.360872
2 8 35.171011
2 9 76.275815
2 10 51.195703
2 11 34.000000
2 12 86.954011
2 13 18.788294
2 14 126.015872
2 15 37.013511
2 16 99.859902
2 17 145.578158
2 18 113.278418
2 19 102.044108
2 20 94.540996
2 21 105.190304
2 22 94.868330
2 23 153.456834
2 24 68.883960
2 25 68.183576
2 26 74.148500
2 27 152.502459
2 28 83.773504
2 29 118.848643
2 30 88.391176
2 31 124.326184
2 32 23.086793
2 33 82.280010
2 34 109.658561
2 35 106.212052
2 36 88.119237
2 37 115.883562
2 38 97.097889
2 39 46.690470
2 40 22.825424
2 41 81.154174
2 42 86.585218
2 43 81.215762
2 44 41.194660
2 45 87.664132
2 46 70.292247
2 47 125.542821
2 48 78.262379
2 49 38.418745
2 50 88.526832
2 51 129.356098
2 52 24.083189
2 53 107.424392
2 54 60.827625
2 55 139.517024
2 56 95.015788
2 57 79.158070
2 58 113.322549
2 59 97.943861
3 4 215.244048
3 5 97.943861
3 6 179.047480
3 7 39.458839
3 8 41.868843
3 9 147.248090
3 10 49.648766
3 11 41.182521
3 12 80.504658
3 13 93.941471
3 14 138.231690
3 15 89.274856
3 16 169.705627
3 17 217.221086
3 18 155.241747
3 19 159.113167
3 20 126.372465
3 21 128.875909
3 22 169.387131
3 23 226.373585
3 24 52.009614
3 25 120.569482
3 26 24.041631
3 27 226.603177
3 28 69.871310
3 29 187.544661
3 30 154.029218
3 31 198.668065
3 32 69.231496
3 33 122.776219
3 34 177.721693
3 35 34.132096
3 36 133.540256
3 37 126.194295
3 38 126.649122
3 39 34.058773
3 40 89.560036
3 41 43.657760
3 42 65.795137
3 43 155.871742
3 44 104.062481
3 45 96.896852
3 46 142.902064
3 47 157.165518
3 48 51.195703
3 49 37.947332
3 50 161.335055
3 51 191.950514
3 52 83.952367
3 53 135.793962
3 54 136.000000
3 55 213.403374
3 56 36.221541
3 57 154.304893
3 58 187.387299
3 59 173.046237
4 5 138.452158
4 6 76.941536
4 7 178.630904
4 8 174.427635
4 9 80.099938
4 10 181.837840
4 11 174.063207
4 12 199.331382
4 13 121.313643
4 14 200.084982
4 15 138.621788
4 16 71.063352
4 17 54.083269
4 18 148.222805
4 19 113.053085
4 20 161.245155
4 21 175.786803
4 22 49.578221
4 23 45.880279
4 24 196.725697
4 25 128.003906
4 26 211.697898
4 27 32.756679
4 28 202.869416
4 29 71.196910
4 30 91.241438
4 31 29.546573
4 32 150.801194
4 33 146.492321
4 34 75.769387
4 35 245.505601
4 36 138.452158
4 37 197.344876
4 38 165.051507
4 39 185.002703
4 40 129.201393
4 41 213.213508
4 42 208.655218
4 43 61.400326
4 44 121.807225
4 45 186.131674
4 46 79.075913
4 47 171.093542
4 48 206.903359
4 49 178.016853
4 50 64.007812
4 51 97.082439
4 52 136.652845
4 53 169.852878
4 54 79.259069
4 55 32.202484
4 56 231.400086
4 57 61.057350
4 58 38.626416
4 59 42.720019
5 6 136.970800
5 7 78.089692
5 8 59.464275
5 9 59.203040
5 10 50.911688
5 11 65.000000
5 12 61.073726
5 13 49.819675
5 14 81.394103
5 15 84.528102
5 16 77.414469
5 17 125.195847
5 18 157.267288
5 19 139.176147
5 20 46.141088
5 21 58.258047
5 22 105.380264
5 23 136.418474
5 24 61.400326
5 25 22.847319
5 26 84.148678
5 27 140.014285
5 28 64.536811
5 29 93.005376
5 30 58.600341
5 31 114.560028
5 32 71.805292
5 33 33.241540
5 34 83.006024
5 35 132.075736
5 36 40.000000
5 37 73.006849
5 38 144.903416
5 39 82.975900
5 40 67.230945
5 41 79.075913
5 42 131.186890
5 43 78.057671
5 44 18.973666
5 45 136.565003
5 46 59.413803
5 47 76.550637
5 48 71.119618
5 49 72.780492
5 50 75.432089
5 51 94.201911
5 52 71.589105
5 53 59.169249
5 54 70.604532
5 55 126.649122
5 56 128.316016
5 57 85.842880
5 58 124.036285
5 59 97.128780
6 7 139.588681
6 8 145.000000
6 9 99.035347
6 10 162.237480
6 11 141.173652
6 12 193.403723
6 13 95.524866
6 14 215.745220
6 15 90.244113
6 16 109.077954
6 17 122.331517
6 18 72.235725
6 19 37.589892
6 20 176.408617
6 21 190.905736
6 22 44.294469
6 23 119.067208
6 24 179.747044
6 25 139.230025
6 26 184.043473
6 27 108.115679
6 28 192.634369
6 29 121.741529
6 30 119.854078
6 31 89.269256
6 32 109.895405
6 33 160.312195
6 34 119.954158
6 35 202.881739
6 36 157.610279
6 37 208.942576
6 38 93.861600
6 39 145.168867
6 40 91.021975
6 41 192.509740
6 42 151.818971
6 43 75.432089
6 44 118.105885
6 45 121.511316
6 46 91.241438
6 47 197.952014
6 48 189.401690
6 49 141.795628
6 50 91.263355
6 51 147.597425
6 52 95.425364
6 53 188.345427
6 54 67.955868
6 55 102.239914
6 56 184.114095
6 57 59.464275
6 58 40.049969
6 59 67.119297
7 8 22.135944
7 9 116.400172
7 10 47.010637
7 11 14.317821
7 12 88.204308
7 13 58.137767
7 14 140.117808
7 15 50.009999
7 16 139.846344
7 17 185.913959
7 18 120.154068
7 19 120.598507
7 20 117.426573
7 21 124.338248
7 22 131.487642
7 23 193.793705
7 24 60.959003
7 25 100.439036
7 26 49.040799
7 27 192.587642
7 28 80.430094
7 29 158.644256
7 30 127.059041
7 31 164.347193
7 32 29.832868
7 33 109.073370
7 34 149.251466
7 35 66.887966
7 36 117.720007
7 37 128.514591
7 38 94.578010
7 39 6.403124
7 40 50.695167
7 41 64.350602
7 42 54.332311
7 43 121.165177
7 44 77.472576
7 45 71.217975
7 46 110.634533
7 47 149.566039
7 48 66.603303
7 49 6.708204
7 50 128.887548
7 51 167.343957
7 52 44.643029
7 53 129.123971
7 54 99.624294
7 55 179.694185
7 56 54.671748
7 57 117.596769
7 58 149.053682
7 59 137.200583
8 9 105.418215
8 10 25.612497
8 11 8.062258
8 12 67.007462
8 13 53.758720
8 14 117.987287
8 15 60.406953
8 16 128.035151
8 17 175.413796
8 18 135.694510
8 19 131.217377
8 20 96.046864
8 21 102.420701
8 22 129.988461
8 23 184.504742
8 24 41.400483
8 25 82.280010
8 26 39.204592
8 27 184.835062
8 28 60.108236
8 29 146.102704
8 30 113.004425
8 31 156.984076
8 32 38.626416
8 33 88.684835
8 34 136.359818
8 35 75.073298
8 36 98.061205
8 37 106.404887
8 38 112.805142
8 39 25.079872
8 40 54.037024
8 41 49.040799
8 42 76.118329
8 43 114.389685
8 44 62.801274
8 45 92.357999
8 46 101.044545
8 47 128.140548
8 48 48.764741
8 49 15.524175
8 50 119.473847
8 51 151.953940
8 52 50.803543
8 53 107.466274
8 54 95.462034
8 55 171.604196
8 56 68.942005
8 57 113.846388
8 58 148.489057
8 59 131.946959
9 10 106.550458
9 11 107.563934
9 12 119.519873
9 13 60.835845
9 14 123.328829
9 15 94.148818
9 16 23.706539
9 17 70.007142
9 18 144.920668
9 19 116.297033
9 20 83.522452
9 21 98.371744
9 22 57.428216
9 23 79.404030
9 24 119.620232
9 25 48.259714
9 26 138.679487
9 27 81.394103
9 28 123.693169
9 29 42.953463
9 30 21.470911
9 31 55.362442
9 32 95.273291
9 33 67.911707
9 34 34.481879
9 35 180.313616
9 36 61.846584
9 37 119.100798
9 38 145.279042
9 39 122.613213
9 40 77.491935
9 41 136.894120
9 42 160.327789
9 43 24.698178
9 44 44.777226
9 45 151.251446
9 46 9.219544
9 47 100.124922
9 48 129.618671
9 49 113.569362
9 50 16.278821
9 51 59.000000
9 52 85.381497
9 53 93.776330
9 54 36.687873
9 55 67.977938
9 56 171.026314
9 57 39.597980
9 58 73.348483
9 59 41.484937
10 11 33.600595
10 12 41.400483
10 13 67.067131
10 14 94.111636
10 15 83.240615
10 16 127.062977
10 17 175.071414
10 18 159.765453
10 19 152.505738
10 20 77.103826
10 21 81.006173
10 22 141.283403
10 23 185.607112
10 24 17.720045
10 25 72.622311
10 26 33.241540
10 27 187.882942
10 28 34.828150
10 29 143.533968
10 30 109.224539
10 31 161.058995
10 32 62.128898
10 33 73.164199
10 34 133.544000
10 35 83.258633
10 36 84.095184
10 37 82.280010
10 38 138.032605
10 39 48.466483
10 40 73.375745
10 41 31.575307
10 42 99.327740
10 43 120.486514
10 44 61.773781
10 45 117.889779
10 46 104.278473
10 47 108.461975
10 48 27.166155
10 49 40.311289
10 50 122.090131
10 51 144.810221
10 52 72.090221
10 53 87.206651
10 54 105.380264
10 55 174.470628
10 56 83.862983
10 57 123.357205
10 58 160.252925
10 59 139.176147
11 12 75.000000
11 13 52.773099
11 14 125.936492
11 15 54.571055
11 16 130.598622
11 17 177.519013
11 18 128.825463
11 19 125.717938
11 20 103.237590
11 21 110.022725
11 22 128.514591
11 23 186.131674
11 24 48.918299
11 25 87.641314
11 26 43.104524
11 27 185.852092
11 28 67.896981
11 29 149.013422
11 30 116.503219
11 31 157.800507
11 32 32.756679
11 33 95.257546
11 34 139.402296
11 35 72.917762
11 36 104.235311
11 37 114.389685
11 38 105.261579
11 39 18.110770
11 40 50.249378
11 41 55.154329
11 42 68.593003
11 43 114.856432
11 44 66.370174
11 45 84.314886
11 46 102.591423
11 47 135.369864
11 48 55.758407
11 49 8.000000
11 50 121.016528
11 51 156.118545
11 52 46.043458
11 53 114.856432
11 54 94.826157
11 55 172.733899
11 56 64.498062
11 57 113.145923
11 58 146.731046
11 59 131.882523
12 13 98.792712
12 14 58.008620
12 15 122.200655
12 16 135.059246
12 17 181.240172
12 18 199.200904
12 19 188.732615
12 20 57.384667
12 21 53.665631
12 22 165.592874
12 23 193.597521
12 24 29.120440
12 25 74.000000
12 26 57.035077
12 27 198.761163
12 28 11.180340
12 29 147.851277
12 30 114.490174
12 31 174.545123
12 32 102.068604
12 33 62.681736
12 34 138.159328
12 35 109.370928
12 36 74.632433
12 37 46.043458
12 38 178.899413
12 39 89.067390
12 40 109.772492
12 41 39.458839
12 42 138.924440
12 43 139.129436
12 44 79.056942
12 45 159.260792
12 46 120.415946
12 47 82.764727
12 48 30.066593
12 49 81.541401
12 50 135.793962
12 51 141.449638
12 52 110.113578
12 53 62.265560
12 54 129.988461
12 55 185.585560
12 56 116.726175
12 57 146.277134
12 58 184.458667
12 59 158.202402
13 14 130.831953
13 15 37.483330
13 16 84.528102
13 17 128.809938
13 18 107.447662
13 19 90.972523
13 20 95.692215
13 21 108.074049
13 22 76.243032
13 23 136.029409
13 24 84.380092
13 25 63.906181
13 26 92.417531
13 27 134.469327
13 28 97.267672
13 29 103.788246
13 30 75.709973
13 31 106.216760
13 32 34.438351
13 33 81.492331
13 34 95.078915
13 35 124.619421
13 36 84.864598
13 37 121.753850
13 38 96.566040
13 39 64.536811
13 40 19.235384
13 41 98.045908
13 42 99.538937
13 43 63.031738
13 44 35.468296
13 45 94.000000
13 46 53.851648
13 47 124.779806
13 48 94.191295
13 49 56.859476
13 50 71.610055
13 51 116.927328
13 52 26.019224
13 53 108.724422
13 54 42.059482
13 55 121.630588
13 56 112.432202
13 57 60.373835
13 58 94.831429
13 59 79.322128
14 15 163.003067
14 16 129.259429
14 17 167.299133
14 18 238.008403
14 19 220.510771
14 20 39.924930
14 21 25.079872
14 22 179.108905
14 23 181.176709
14 24 86.284413
14 25 76.922038
14 26 115.004348
14 27 190.023683
14 28 69.065187
14 29 135.000000
14 30 108.853112
14 31 171.548827
14 32 146.290806
14 33 55.946403
14 34 127.141653
14 35 167.299133
14 36 61.846584
14 37 12.041595
14 38 223.006726
14 39 142.337627
14 40 146.986394
14 41 97.252249
14 42 193.403723
14 43 147.472031
14 44 99.020200
14 45 208.865986
14 46 128.316016
14 47 38.013156
14 48 88.051122
14 49 133.461605
14 50 137.786066
14 51 118.697093
14 52 150.000000
14 53 30.265492
14 54 147.851277
14 55 178.227383
14 56 174.413302
14 57 159.731024
14 58 196.290601
14 59 164.769536
15 16 117.175083
15 17 157.419821
15 18 77.006493
15 19 71.196910
15 20 130.598622
15 21 141.834410
15 22 89.274856
15 23 162.409975
15 24 100.623059
15 25 100.960388
15 26 97.324200
15 27 158.218204
15 28 117.660529
15 29 136.400147
15 30 111.449540
15 31 130.357202
15 32 21.840330
15 33 117.388245
15 34 128.549601
15 35 112.893755
15 36 121.757957
15 37 152.895389
15 38 60.415230
15 39 55.226805
15 40 18.248288
15 41 109.416635
15 42 70.434367
15 43 89.005618
15 44 72.532751
15 45 57.314920
15 46 85.866175
15 47 160.850863
15 48 108.853112
15 49 53.235327
15 50 101.592323
15 51 152.318745
15 52 13.038405
15 53 143.589693
15 54 64.884513
15 55 146.441114
15 56 95.257546
15 57 80.000000
15 58 104.861814
15 59 100.801786
16 17 48.010416
16 18 162.788206
16 19 131.897688
16 20 91.049437
16 21 105.304321
16 22 64.899923
16 23 59.033889
16 24 138.798415
16 25 61.131007
16 26 159.806133
16 27 63.788714
16 28 140.577381
16 29 19.313208
16 30 21.095023
16 31 42.296572
16 32 118.966382
16 33 77.162167
16 34 12.041595
16 35 203.088651
16 36 68.066144
16 37 127.141653
16 38 166.012048
16 39 146.013698
16 40 100.900942
16 41 156.416112
16 42 183.980977
16 43 35.440090
16 44 65.946948
16 45 173.979884
16 46 31.320920
16 47 100.304536
16 48 148.529458
16 49 136.821051
16 50 18.681542
16 51 39.560081
16 52 108.848519
16 53 98.994949
16 54 56.000000
16 55 50.803543
16 56 194.401646
16 57 51.865210
16 58 76.380626
16 59 43.185646
17 18 188.215302
17 19 154.000000
17 20 132.382023
17 21 145.382255
17 22 82.054860
17 23 14.142136
17 24 186.590461
17 25 107.424392
17 26 207.800385
17 27 26.419690
17 28 187.459329
17 29 33.526109
17 30 67.082039
17 31 33.136083
17 32 162.806634
17 33 120.602653
17 34 43.081318
17 35 250.315801
17 36 109.881755
17 37 167.451486
17 38 198.285148
17 39 192.200416
17 40 143.031465
17 41 204.266982
17 42 226.742144
17 43 68.447060
17 44 113.850780
17 45 212.084889
17 46 75.286121
17 47 133.184083
17 48 196.224361
17 49 183.371208
17 50 57.201399
17 51 50.990195
17 52 151.092687
17 53 137.713471
17 54 92.612094
17 55 21.954498
17 56 240.584704
17 57 80.081209
17 58 82.565126
17 59 60.827625
18 19 35.171011
18 20 203.002463
18 21 215.520301
18 22 106.169676
18 23 187.416648
18 24 176.819117
18 25 169.283785
18 26 169.168555
18 27 177.901658
18 28 194.427364
18 29 179.479804
18 30 166.027106
18 31 155.463822
18 32 97.637083
18 33 188.345427
18 34 174.771279
18 35 168.359734
18 36 190.192008
18 37 228.484135
18 38 32.557641
18 39 123.369364
18 40 91.219515
18 41 183.809684
18 42 105.304321
18 43 127.577427
18 44 141.735669
18 45 67.742158
18 46 135.723985
18 47 231.086564
18 48 184.447825
18 49 125.299641
18 50 144.183910
18 51 202.200396
18 52 89.375612
18 53 216.009259
18 54 108.240473
18 55 170.179317
18 56 146.054784
18 57 111.758669
18 58 109.881755
18 59 128.003906
19 20 183.142021
19 21 196.702822
19 22 72.062473
19 23 152.643375
19 24 170.188131
19 25 147.322775
19 26 168.514094
19 27 142.863571
19 28 185.809042
19 29 147.512711
19 30 137.753403
19 31 121.037184
19 32 92.962358
19 33 167.621598
19 34 143.680200
19 35 178.488095
19 36 167.600716
19 37 212.084889
19 38 57.280014
19 39 125.255738
19 40 79.309520
19 41 180.235956
19 42 121.490740
19 43 96.462428
19 44 121.696343
19 45 87.817994
19 46 107.331263
19 47 208.830074
19 48 178.986033
19 49 124.310096
19 50 113.225439
19 51 171.452617
19 52 80.653580
19 53 195.880065
19 54 80.131143
19 55 135.447407
19 56 157.876534
19 57 80.081209
19 58 74.732858
19 59 94.530418
20 21 14.866069
20 22 139.204885
20 23 145.825238
20 24 77.077883
20 25 37.215588
20 26 106.282642
20 27 153.469867
20 28 67.201190
20 29 99.141313
20 30 70.178344
20 31 133.240384
20 32 116.709040
20 33 16.124515
20 34 90.448881
20 35 159.100597
20 36 23.000000
20 37 36.124784
20 38 191.002618
20 39 121.103262
20 40 113.371072
20 41 93.059121
20 42 171.746907
20 43 107.563934
20 44 61.619802
20 45 181.231896
20 46 88.391176
20 47 32.140317
20 48 83.240615
20 49 111.220502
20 50 98.270036
20 51 87.321246
20 52 117.618026
20 53 13.038405
20 54 108.452755
20 55 141.127602
20 56 160.953409
20 57 119.866593
20 58 156.371353
20 59 125.000000
21 22 154.029218
21 23 159.022011
21 24 77.665951
21 25 51.884487
21 26 107.280007
21 27 167.146642
21 28 64.474801
21 29 112.445542
21 30 84.593144
21 31 147.573710
21 32 126.625432
21 33 30.870698
21 34 104.076895
21 35 160.430670
21 36 37.336309
21 37 22.090722
21 38 202.200396
21 39 127.424487
21 40 125.099960
21 41 92.027170
21 42 178.538511
21 43 122.429572
21 44 75.006666
21 45 190.546582
21 46 103.247276
21 47 29.154759
21 48 82.219219
21 49 117.885538
21 50 113.030969
21 51 98.671171
21 52 128.798292
21 53 9.219544
21 54 122.967475
21 55 155.003226
21 56 164.368488
21 57 134.658828
21 58 171.233758
21 59 139.842769
22 23 81.786307
22 24 157.622968
22 25 102.318131
22 26 168.576392
22 27 73.736016
22 28 167.026944
22 29 77.620873
22 30 77.155687
22 31 49.365980
22 32 102.727796
22 33 123.166554
22 34 75.663730
22 35 198.244798
22 36 118.595953
22 37 173.692257
22 38 118.270876
22 39 137.767921
22 40 81.123363
22 41 172.817823
22 42 159.113167
22 43 32.802439
22 44 86.700634
22 45 137.058382
22 46 51.000000
22 47 157.546818
22 48 167.764716
22 49 131.590273
22 50 47.507894
22 51 103.310212
22 52 88.204308
22 53 150.266430
22 54 36.055513
22 55 64.536811
22 56 183.051905
22 57 19.646883
22 58 19.026298
22 59 23.086793
23 24 197.767540
23 25 119.616052
23 26 218.011468
23 27 14.212670
23 28 199.461776
23 29 46.690470
23 30 79.120162
23 31 32.893768
23 32 169.452058
23 33 133.645052
23 34 55.785303
23 35 259.048258
23 36 123.166554
23 37 181.107703
23 38 199.722307
23 39 200.142449
23 40 149.030198
23 41 215.334623
23 42 232.422030
23 43 73.817342
23 44 123.975804
23 45 215.675682
23 46 83.546394
23 47 147.275253
23 48 207.537948
23 49 191.637679
23 50 65.115282
23 51 65.115282
23 52 157.050947
23 53 151.476071
23 54 97.637083
23 55 17.262677
23 56 248.364651
23 57 83.192548
23 58 79.025312
23 59 62.769419
24 25 80.919713
24 26 29.614186
24 27 200.942778
24 28 19.723083
24 29 154.207652
24 30 119.816526
24 31 174.751252
24 32 79.259069
24 33 76.843998
24 34 144.222051
24 35 82.764727
24 36 88.600226
24 37 74.242845
24 38 154.159009
24 39 61.032778
24 40 91.093359
24 41 17.804494
24 42 110.072703
24 43 135.340312
24 44 75.272837
24 45 132.136293
24 46 118.270876
24 47 106.480045
24 48 10.198039
24 49 54.488531
24 50 135.558106
24 51 152.761252
24 52 89.693924
24 53 85.164547
24 54 121.593585
24 55 187.536663
24 56 88.141931
24 57 139.301831
24 58 176.638048
24 59 154.259522
25 26 105.759160
25 27 124.907966
25 28 80.056230
25 29 74.242845
25 30 40.496913
25 31 101.597244
25 32 91.268834
25 33 21.095023
25 34 64.404969
25 35 154.693245
25 36 21.023796
25 37 71.470274
25 38 160.464949
25 39 105.513032
25 40 82.861330
25 41 98.716767
25 42 152.839785
25 43 71.309186
25 44 28.460499
25 45 155.563492
25 46 51.923020
25 47 61.854668
25 48 90.000000
25 49 95.336247
25 50 64.031242
25 51 72.249567
25 52 88.526832
25 53 49.203658
25 54 71.281134
25 55 111.830228
25 56 151.158857
25 57 82.855296
25 58 119.854078
25 59 89.442719
26 27 219.692968
26 28 46.173586
26 29 176.581426
26 30 142.341140
26 31 192.418814
26 32 75.663730
26 33 104.709121
26 34 166.604322
26 35 53.150729
26 36 116.107709
26 37 103.000000
26 38 142.779550
26 39 46.065171
26 40 93.021503
26 41 19.697716
26 42 88.005682
26 43 150.791246
26 44 94.047860
26 45 115.883562
26 46 135.694510
26 47 136.062486
26 48 27.294688
26 49 44.384682
26 50 153.834326
26 51 177.991573
26 52 89.140339
26 53 114.725760
26 54 133.454112
26 55 206.312869
26 56 60.016664
26 57 151.789328
26 58 187.243157
26 59 169.000000
27 28 203.973037
27 29 55.081757
27 30 84.723078
27 31 28.284271
27 32 166.973052
27 33 140.431478
27 34 63.071388
27 35 258.642611
27 36 130.552671
27 37 189.214164
27 38 191.981770
27 39 198.979898
27 40 146.000000
27 41 218.277347
27 42 228.600087
27 43 71.449283
27 44 126.126920
27 45 209.823736
27 46 84.059503
27 47 157.276826
27 48 210.888596
27 49 190.905736
27 50 65.863495
27 51 76.537572
27 52 153.912313
27 53 160.003125
27 54 94.260278
27 55 13.416408
27 56 246.829901
27 57 78.236820
27 58 68.359345
27 59 57.428216
28 29 154.288690
28 30 120.420098
28 31 179.011173
28 32 96.834911
28 33 70.936591
28 34 144.461067
28 35 98.249682
28 36 82.975900
28 37 57.140179
28 38 172.817823
28 39 80.709355
28 40 106.512910
28 41 28.284271
28 42 129.711218
28 43 142.021125
28 44 81.394103
28 45 151.647618
28 46 123.794184
28 47 93.621579
28 48 19.000000
28 49 73.878278
28 50 139.946418
28 51 149.402142
28 52 106.066017
28 53 72.897188
28 54 131.095385
28 55 190.685605
28 56 106.066017
28 57 148.013513
28 58 186.010752
28 59 161.124176
29 30 34.409301
29 31 41.880783
29 32 138.224455
29 33 87.091905
29 34 10.000000
29 35 221.165097
29 36 76.485293
29 37 134.536240
29 38 184.219977
29 39 164.757397
29 40 120.208153
29 41 171.968020
29 42 203.273215
29 43 52.086467
29 44 83.486526
29 45 193.080294
29 46 50.596443
29 47 102.420701
29 48 163.670401
29 49 155.425223
29 50 36.055513
29 51 26.907248
29 52 128.160056
29 53 105.076163
29 54 74.330344
29 55 43.931765
29 56 213.084490
29 57 67.742158
29 58 85.702975
29 59 54.626001
30 31 63.071388
30 32 109.480592
30 33 56.080300
30 34 24.413111
30 35 187.877620
30 36 47.265209
30 37 106.301458
30 38 165.096941
30 39 132.969921
30 40 93.904207
30 41 137.568165
30 42 174.562310
30 43 44.553339
30 44 50.219518
30 45 168.760185
30 46 30.463092
30 47 81.841310
30 48 129.321305
30 49 123.308556
30 50 30.528675
30 51 41.231056
30 52 101.434708
30 53 78.644771
30 54 57.939624
30 55 71.847060
30 56 180.944743
30 57 60.440053
30 58 91.525953
30 59 58.309519
31 32 138.708327
31 33 119.000000
31 34 46.238512
31 35 230.512473
31 36 110.290525
31 37 169.357610
31 38 166.904164
31 39 170.742496
31 40 117.796435
31 41 191.846293
31 42 200.643963
31 43 43.185646
31 44 99.538937
31 45 182.937148
31 46 56.797887
31 47 141.760361
31 48 184.808008
31 49 162.742127
31 50 39.217343
31 51 68.249542
31 52 125.733846
31 53 141.283403
31 54 66.068147
31 55 16.124515
31 56 218.552053
31 57 50.606324
31 58 49.729267
31 59 29.966648
32 33 105.019046
32 34 129.468143
32 35 95.707889
32 36 111.157546
32 37 135.624482
32 38 77.336925
32 39 35.735137
32 40 21.633308
32 41 87.595662
32 42 65.192024
32 43 95.775780
32 44 64.031242
32 45 64.761099
32 46 88.192970
32 47 148.081059
32 48 87.235314
32 49 32.015621
32 50 105.688221
32 51 150.685102
32 52 14.866069
32 53 129.448832
32 54 72.835431
32 55 154.466825
32 56 80.603970
32 57 90.138782
32 58 119.854078
32 59 110.390217
33 34 77.878110
33 35 156.387340
33 36 12.041595
33 37 51.195703
33 38 177.611937
33 39 113.357840
33 40 99.744674
33 41 94.021274
33 42 163.012269
33 43 91.706052
33 44 46.615448
33 45 169.779268
33 46 72.449983
33 47 43.462628
33 48 84.504438
33 49 103.237590
33 50 83.024093
33 51 78.771822
33 52 104.546640
33 53 28.319605
33 54 92.357999
33 55 127.769323
33 56 155.955122
33 57 103.788246
33 58 140.456399
33 59 109.384642
34 35 211.400095
34 36 67.601775
34 37 126.142776
34 38 178.002809
34 39 155.322246
34 40 111.973211
34 41 161.978394
34 42 194.617574
34 43 47.296934
34 44 73.661387
34 45 185.526278
34 46 42.755117
34 47 95.801879
34 48 153.701008
34 49 145.907505
34 50 30.594117
34 51 27.856777
34 52 119.854078
34 53 97.020616
34 54 68.007353
34 55 51.088159
34 56 203.590275
34 57 63.600314
34 58 85.796270
34 59 53.254108
35 36 167.343957
35 37 155.389832
35 38 137.058382
35 39 60.539243
35 40 117.183617
35 41 70.064256
35 42 65.802736
35 43 187.427319
35 44 137.767921
35 45 103.160070
35 46 175.504986
35 47 189.187737
35 48 79.309520
35 49 67.801180
35 50 193.932978
35 51 226.048667
35 52 110.494344
35 53 167.836230
35 54 166.412139
35 55 245.576872
35 56 23.086793
35 57 184.458667
35 58 215.557417
35 59 203.906841
36 37 59.076222
36 38 181.430427
36 39 122.331517
36 40 103.730420
36 41 105.891454
36 42 171.143215
36 43 86.330759
36 44 49.396356
36 45 175.755512
36 46 67.601775
36 47 41.231056
36 48 96.426138
36 49 112.147225
36 50 75.960516
36 51 66.887966
36 52 109.201648
36 53 31.953091
36 54 90.027773
36 55 118.152444
36 56 166.087326
36 57 99.644368
36 58 135.148067
36 59 103.121288
37 38 212.624081
37 39 130.602450
37 40 137.295302
37 41 85.375641
37 42 181.603965
37 43 142.720006
37 44 91.268834
37 45 197.676503
37 46 123.369364
37 47 43.931765
37 48 76.105190
37 49 121.840059
37 50 134.164079
37 51 120.332872
37 52 139.946418
37 53 30.083218
37 54 141.325865
37 55 177.025422
37 56 162.373027
37 57 154.146035
37 58 191.324332
37 59 160.561515
38 39 96.747093
38 40 77.878110
38 41 158.927656
38 42 73.027392
38 43 132.544332
38 44 132.034087
38 45 35.227830
38 46 136.180028
38 47 221.054292
38 48 160.801119
38 49 100.439036
38 50 148.165448
38 51 204.198433
38 52 73.430239
38 53 204.000000
38 54 110.018180
38 55 182.562318
38 56 114.437756
38 57 118.532696
38 58 126.562238
38 59 137.539085
39 40 56.859476
39 41 62.625873
39 42 51.195703
39 43 127.561750
39 44 83.192548
39 45 71.449283
39 46 116.931604
39 47 153.209008
39 48 65.795137
39 49 10.198039
39 50 135.207248
39 51 173.092461
39 52 50.596443
39 53 132.544332
39 54 106.018866
39 55 186.077941
39 56 48.414874
39 57 123.975804
39 58 155.261070
39 59 143.600139
40 41 102.259474
40 42 83.725743
40 43 75.213031
40 44 54.405882
40 45 75.059976
40 46 69.641941
40 47 143.178211
40 48 100.169856
40 49 51.662365
40 50 86.313383
40 51 134.974072
40 52 8.062258
40 53 126.400158
40 54 51.739733
40 55 133.686200
40 56 102.200783
40 57 68.680419
40 58 98.412398
40 59 89.095454
41 42 107.335921
41 43 151.822265
41 44 92.309263
41 45 133.734812
41 46 135.192455
41 47 121.148669
41 48 9.848858
41 49 58.668561
41 50 152.712148
41 51 170.484603
41 52 99.689518
41 53 100.089960
41 54 136.945245
41 55 204.863369
41 56 79.309520
41 57 154.932243
41 58 191.770696
41 59 170.601876
42 43 158.685223
42 44 127.475488
42 45 38.052595
42 46 152.970585
42 47 203.887224
42 48 112.871608
42 49 60.671245
42 50 170.000000
42 51 215.712772
42 52 75.663730
42 53 183.447540
42 54 134.792433
42 55 216.688717
42 56 42.720019
42 57 150.416090
42 58 173.565550
42 59 171.207476
43 44 60.671245
43 45 143.892321
43 46 19.416488
43 47 124.807852
43 48 145.523194
43 49 119.632771
43 50 16.763055
43 51 75.000000
43 52 83.234608
43 53 118.186294
43 54 24.166092
43 55 58.728187
43 56 175.385290
43 57 16.552945
43 58 48.846699
43 59 19.104973
44 45 127.663621
44 46 43.011626
44 47 89.554453
44 48 85.381497
44 49 73.355300
44 50 60.415230
44 51 89.899944
44 52 60.207973
44 53 74.518454
44 54 51.662365
44 55 112.712022
44 56 130.862523
44 57 67.268120
44 58 105.475116
44 59 79.762146
45 46 142.772546
45 47 212.776878
45 48 137.244308
45 49 77.801028
45 50 157.695910
45 51 209.618701
45 52 68.007353
45 53 193.847879
45 54 119.854078
45 55 199.022612
45 56 80.230917
45 57 132.502830
45 58 148.838839
45 59 152.970585
46 47 107.004673
46 48 128.390031
46 49 108.208133
46 50 18.439089
46 51 68.029405
46 52 77.620873
46 53 99.282425
46 54 27.513633
46 55 70.724819
46 56 165.302753
46 57 32.202484
46 58 68.007353
46 59 38.052595
47 48 111.328343
47 49 143.349224
47 50 112.294256
47 51 83.054199
47 52 148.003378
47 53 21.377558
47 54 130.831953
47 55 146.328398
47 56 192.262841
47 57 139.201293
47 58 173.046237
47 59 140.064271
48 49 60.440053
48 50 145.602198
48 51 161.443489
48 52 98.351411
48 53 90.249654
48 54 131.745968
48 55 197.489240
48 56 87.298339
48 57 149.482440
48 58 186.775266
48 59 164.450600
49 50 126.574089
49 51 163.232962
49 52 46.389654
49 53 122.800651
49 54 98.792712
49 55 177.890416
49 56 57.688820
49 57 116.970082
49 58 149.485785
49 59 136.180028
50 51 58.240879
50 52 94.366308
50 53 107.856386
50 54 38.327536
50 55 52.478567
50 56 183.534738
50 57 33.241540
50 58 61.032778
50 59 27.784888
51 52 142.579802
51 53 90.249654
51 54 94.641429
51 55 67.542579
51 56 220.592384
51 57 91.394748
51 58 112.414412
51 59 80.622577
52 53 130.598622
52 54 59.665736
52 55 141.650980
52 56 94.868330
52 57 76.380626
52 58 105.118980
52 59 96.896852
53 54 120.432554
53 55 148.084435
53 56 170.950285
53 57 131.125894
53 58 167.026944
53 59 135.074054
54 55 82.006097
54 56 153.153518
54 57 18.384776
54 58 55.081757
54 59 37.643060
55 56 234.053413
55 57 66.730802
55 58 62.201286
55 59 46.065171
56 57 170.698565
56 58 199.624648
56 59 190.790461
57 58 38.209946
57 59 20.808652
58 59 33.421550
